00 00 00 00 00 00 00 00 00 00 00 00 00 00 00 00
00 00 00 00 00 00 00 00 00 00 00 00 00 00 00 00
00 00 00 00 00 00 00 00 00 00 00 00 00 00 00 00
00 00 00 00 00 00 00 00 00 00 00 00 00 00 00 00
00 00 00 00 00 00 00 00 00 00 00 00 00 00 00 00
00 00 00 00 00 00 00 00 00 00 00 00 00 00 00 00
00 00 00 00 00 01 00 03 00 00 00 70 00 00 00 00
00 00 00 00 00 00 00 00 00 40 00 03 00 00 00 D0 
44 00 00 12 42 00 00 12 40 00 00 12 00 00 00 5B
4C 0E 00 12 4A 06 00 12 48 00 05 12 46 00 00 92
54 00 00 92 52 00 00 12 50 00 00 12 4E 00 00 12
5C 00 0C 12 5A 00 00 12 58 00 00 12 56 00 00 12
64 00 00 12 62 00 01 12 60 00 01 12 5E 00 03 12
04 00 00 12 02 00 00 12 00 00 00 12 30 00 00 13
0C 04 00 12 0A 00 03 12 08 00 00 92 06 00 00 92
14 00 00 12 12 00 00 12 10 00 00 12 0E 0A 00 12
1C 00 00 12 1A 00 00 12 18 00 00 12 16 00 00 92
24 00 01 12 22 00 01 12 20 00 03 12 1E 00 0C 12
2C 00 04 12 2A 00 00 12 28 00 00 12 26 00 00 12
34 00 03 12 32 00 02 12 30 00 02 12 2E 00 04 12
40 00 00 11 3A 00 00 92 38 00 00 12 36 00 02 12
00 00 00 00 00 00 00 00 00 00 00 00 48 00 00 17