00 00 00 00 00 00 00 00 00 00 00 00 00 00 00 00
00 00 00 00 00 00 00 00 00 00 00 00 00 00 00 00
00 00 00 00 00 00 00 00 00 00 00 00 00 00 00 00
00 00 00 00 00 00 00 00 00 00 00 00 00 00 00 00
00 00 00 00 00 00 00 00 00 00 00 00 00 00 00 00
00 00 00 00 00 00 00 00 00 00 00 00 00 00 00 00
00 00 00 00 00 01 00 03 00 00 00 70 00 00 00 00
C4 00 00 12 C2 00 00 12 C0 00 00 12 00 00 00 5B
CC 0A 00 12 CA 04 00 12 C8 00 00 92 C6 00 00 12 
D4 00 00 12 D2 00 00 12 D0 00 00 12 CE 01 00 12
DC 00 00 12 DA 00 00 12 D8 00 00 92 D6 00 00 12
E4 00 01 12 E2 00 03 12 E0 00 0C 12 DE 00 00 12
EC 00 00 92 EA 00 00 12 E8 00 00 12 E6 00 01 12
04 00 00 12 02 00 00 12 00 00 00 12 16 00 00 17
0C 04 00 12 0A 00 06 12 08 00 00 92 06 00 00 12
14 00 00 12 12 00 00 12 10 00 00 12 0E 0A 00 12
1C 00 00 12 1A 00 00 12 18 00 00 12 16 00 00 92 
24 00 01 12 22 00 01 12 20 00 03 12 1E 00 0C 12
2C 00 04 12 2A 00 00 92 28 00 00 12 26 00 00 12
34 00 03 12 32 00 02 12 30 00 02 12 2E 00 04 12
40 00 00 11 3A 00 00 92 38 00 00 12 36 00 02 12
00 00 00 00 00 00 00 00 00 00 00 00 48 00 00 17
