10294808 
6772441 
8581162 
6390082 
-4251934 
2465814 
5299959 
842031 
-7447082 
-3027395 
-7895251 
-5521962 
101951 
8939837 
-269314 
8584250 
8663873 
-7654760 
-5583720 
4977661 
-11918990 
6335926 
-6223023 
-9709072 
4833743 
-8769488 
6289464 
13319309 
-11698863 
10191628 
9720737 
-368984 
13164563 
-12968435 
8200607 
947499 
299384 
12053751 
10551142 
-1640135 
13538314 
-8711986 
9816762 
11705441 
7756573 
-12310483 
-1442369 
7607327 
1887897 
-3682793 
3297560 
-11775792 
6818572 
8116301 
-13892445 
-12545837 
949549 
148353 
-4156723 
10344403 
5527766 
3513149 
13060194 
-2898108 
