00 00 00 00 00 00 00 00 00 00 00 00 00 00 00 00
00 00 00 00 00 00 00 00 00 00 00 00 00 00 00 00
00 00 00 00 00 00 00 00 00 00 00 00 00 00 00 00
00 00 00 00 00 00 00 00 00 00 00 00 00 00 00 00
00 00 00 00 00 00 00 00 00 00 00 00 00 00 00 00
00 00 00 00 00 00 00 00 00 00 00 00 00 00 00 00
00 00 00 00 00 01 00 03 00 00 00 70 00 00 00 00
C6 00 00 12 C4 00 00 12 C2 00 00 12 C0 00 00 12
CE 01 00 12 CC 00 00 12 CA 00 00 12 C8 00 00 12
D6 00 00 12 D4 00 00 12 D2 00 00 12 D0 00 00 12
DE 00 00 12 DC 00 00 12 DA 00 00 12 D8 00 00 92
E6 00 00 12 E4 00 09 12 E2 00 00 12 E0 00 09 12
16 00 00 17 EC 00 00 12 EA 00 00 12 E8 00 00 12
16 00 00 17 EC 00 00 92 E4 00 03 12 18 00 00 17
00 00 00 00 00 00 00 00 00 00 00 00 18 00 00 17
