0000005B
00000073
60000012
61000012
62000012
63000012
64000012
65000012
66000012
67000012
68000012
69000012
6A000012
6B000012
6C000112
6D000012
6E000012
6F000012
70002712
71000012
72031F12
73000012
74000012
75000012
76000012
77002712
78014112
79000A12
7A005012
06000017
08000017
00000119
00000119
00000119
00000119
00000119
00000119
00000119
60000012
61000012
62000012
63000012
64000012
65031F12
66000012
67002812
68000012
69000012
6A000012
6B000012
6C000112
6D000012
6E000012
6F000012
70002712
71000012
72031F12
73000012
74000012
75000012
76000012
77002712
78014112
79000A12
7A007812
06000017
08000017
00000119
00000119
00000119
00000119
00000119
00000119
00000119
00000073
10500073
