0000005B
00000073
60000012
61000012
62000012
63000012
64000012
65000012
66000012
67020012
68000012
69000012
6A000012
6B000012
6C000112
6D000012
6E000012
6F000012
70001F12
71000012
72001F12
73000012
74000012
75000012
76000012
06000017
08000017
40000012
41000012
42000012
43000012
44001012
45000012
46040012
47000012
48000012
49000012
4A000012
4B000112
4C000012
4D000012
4E000012
4F000F12
50000012
51000F12
52000012
53000012
04000017
08000017
00000119
00000119
00000119
00000119
00000119
00000119
00000119
00000073
10500073
00000013
00000013
00000013
00000013
0000005B
00000073
60000012
61000012
62000012
63000012
64000012
65100012
66000012
67020812
68000012
69000012
6A000012
6B000012
6C000112
6D000012
6E000012
6F000012
70000E12
71000012
72000E12
73000012
74000012
75000012
76000012
06000017
08000017
40000012
41000012
42000012
43000012
44100412
45000012
46080012
47000012
48000012
49000012
4A000012
4B000112
4C000012
4D000012
4E000012
4F000712
50000012
51000712
52000012
53000012
04000017
08000017
00000119
00000119
00000119
00000119
00000119
00000119
00000119
00000119
00000119
00000119
00000119
00000119
00000119
00000119
00000073
10500073
