80004000
80004000
80004000
80004000
80004000
80004000
80004000
80004000
80004000
80004000
80004000
80004000
80004640
80004700
800047C0
80004880
80004940
80004A00
80004AC0
80004B80
80004C40
80004D00
80004DC0
80004E80
80007600
00002000
0FFF0002
80004000
80004000
80004000
80004000
80004000
80004000
80004000
80004000
80004000
80004000
80004000
80004000
80004640
80004700
800047C0
80004880
80004940
80004A00
80004AC0
80004B80
80004C40
80004D00
80004DC0
80004E80
80007600
000020BE
0FFF0002
80004000
80004000
80004000
80004000
80004000
80004000
80004000
80004000
80004000
80004000
80004000
80004000
8000F600
80010E00
80012600
80013E00
80015600
80016E00
80018600
80019E00
8001B600
8001CE00
8001E600
8001FE80
80007600
00004330
0FFF0003
