00 00 00 00 00 00 00 00 00 00 00 00 00 00 00 00
00 00 00 00 00 00 00 00 00 00 00 00 00 00 00 00
00 00 00 00 00 00 00 00 00 00 00 00 00 00 00 00
00 00 00 00 00 00 00 00 00 00 00 00 00 00 00 00
00 00 00 00 00 00 00 00 00 00 00 00 00 00 00 00
00 00 00 00 00 00 00 00 00 00 00 00 00 00 00 00
00 00 00 00 00 00 00 83 00 00 00 70 00 00 00 00
86 00 00 17 84 00 00 17 82 00 00 17 80 00 00 17
8E 01 B5 17 8C 00 AD 97 8A 00 00 17 88 00 00 17
96 00 00 97 94 00 00 17 92 00 00 17 90 00 00 17
9E 00 09 17 9C 00 00 17 9A 00 00 17 98 00 00 17
A6 00 00 17 A4 00 00 17 A2 00 09 17 A0 00 00 17


00 00 00 00 00 00 00 00 A6 00 00 97 A2 00 03 17
