00 00 01 80 00 00 01 80 00 00 01 80 00 00 01 80
00 00 01 80 00 00 01 80 00 00 01 80 00 00 01 80
00 00 01 80 00 00 01 80 00 00 01 80 00 00 01 80
40 86 00 80 00 87 00 80 C0 87 00 80 80 88 00 80
40 89 00 80 00 8A 00 80 C0 8A 00 80 80 8B 00 80
40 8C 00 80 00 8D 00 80 C0 8D 00 80 80 8E 00 80
00 D8 01 80 00 20 00 00 02 00 01 00 00 00 01 80
00 00 01 80 00 00 01 80 00 00 01 80 00 00 01 80
00 00 01 80 00 00 01 80 00 00 01 80 00 00 01 80
00 00 01 80 00 00 01 80 00 00 01 80 40 86 00 80
00 87 00 80 C0 87 00 80 80 88 00 80 40 89 00 80
00 8A 00 80 C0 8A 00 80 80 8B 00 80 40 8C 00 80
00 8D 00 80 C0 8D 00 80 80 8E 00 80 00 D8 01 80
28 21 00 00 02 00 01 00 00 00 01 80 00 00 01 80
00 00 01 80 00 00 01 80 00 00 01 80 00 00 01 80
00 00 01 80 00 00 01 80 00 00 01 80 00 00 01 80
00 00 01 80 00 00 01 80 00 D8 02 80 00 70 02 80
00 88 02 80 00 B8 02 80 00 D0 02 80 00 E8 02 80
00 00 03 80 00 18 03 80 00 30 03 80 00 48 03 80
00 60 03 80 00 78 03 80 00 D8 01 80 B2 E3 00 00
03 00 01 00
