00 80 00 80 00 80 00 80 00 80 00 80 00 80 00 80
00 80 00 80 00 80 00 80 00 80 00 80 00 80 00 80
00 80 00 80 00 80 00 80 00 80 00 80 00 80 00 80
40 86 00 80 00 87 00 80 C0 87 00 80 80 88 00 80
40 89 00 80 00 8A 00 80 C0 8A 00 80 80 8B 00 80
40 8C 00 80 00 8D 00 80 C0 8D 00 80 80 8E 00 80
00 F6 00 80 00 20 00 00 02 00 FF 0F 00 80 00 80
00 80 00 80 00 80 00 80 00 80 00 80 00 80 00 80
00 80 00 80 00 80 00 80 00 80 00 80 00 80 00 80
00 80 00 80 00 80 00 80 00 80 00 80 40 86 00 80
00 87 00 80 C0 87 00 80 80 88 00 80 40 89 00 80
00 8A 00 80 C0 8A 00 80 80 8B 00 80 40 8C 00 80
00 8D 00 80 C0 8D 00 80 80 8E 00 80 00 F6 00 80
C2 20 00 00 02 00 FF 0F 00 80 00 80 00 80 00 80
00 80 00 80 00 80 00 80 00 80 00 80 00 80 00 80
00 80 00 80 00 80 00 80 00 80 00 80 00 80 00 80
00 80 00 80 00 80 00 80 00 36 01 80 00 4E 01 80
00 66 01 80 00 7E 01 80 00 96 01 80 00 AE 01 80
00 C6 01 80 00 DE 01 80 00 F6 01 80 00 0E 02 80
00 16 02 80 80 2E 02 80 00 F6 00 80 30 43 00 00
03 00 FF 0F
