73 00 00 00 01 44 26 04 13 04 C4 06 36 04 13 04
04 00 81 44 A6 04 93 84 04 0A B6 04 93 84 04 00
5B 10 80 00 5B 10 90 00 5B 00 00 00 A2 28 01 40
10 C0 06 00 12 00 00 02 12 00 00 03 12 00 00 04
12 00 00 06 12 01 00 0B 12 BF 06 0F 12 00 00 10
12 BF 06 11 12 00 00 13 12 00 00 14 12 00 00 15
12 01 00 3F 90 00 00 40 91 55 82 80 17 00 00 08
12 00 00 62 12 00 00 63 12 00 00 64 12 00 00 65
12 00 00 67 12 00 00 68 12 01 00 6C 12 FF 07 70
12 00 00 71 12 FF 07 72 12 00 00 74 12 00 00 75
12 01 00 76 17 00 00 06 17 00 00 08 A2 28 01 40
10 C0 06 00 12 01 00 00 12 00 00 01 12 00 00 02
12 01 00 03 12 00 00 04 12 00 00 06 12 00 02 0A
12 01 00 0B 12 03 00 0E 12 9F 00 0F 12 00 00 10
12 7F 02 11 12 00 00 13 12 00 00 14 12 01 00 15
12 01 00 3F 90 00 01 40 91 84 21 80 17 00 00 08
19 00 00 00 19 00 00 00 19 00 00 00 19 00 00 00
19 00 00 00 19 00 00 00 19 00 00 00 19 00 00 00
19 00 00 00 73 00 00 00 73 00 50 10 73 00 00 00
13 04 00 08 36 04 13 04 04 0A 81 44 A6 04 93 84
34 00 B6 04 93 84 44 02 01 45 26 05 13 05 05 01
36 05 13 05 05 00 37 19 81 1E 13 09 E9 03 B7 19
41 1F 93 89 E9 03 5B 10 80 00 5B 10 90 00 5B 10
A0 00 5B 10 20 41 5B 10 30 41 5B 00 00 00 A2 28
01 40 10 C0 06 00 12 01 00 00 12 00 00 01 12 00
00 02 12 01 00 03 12 00 00 04 12 A0 00 06 12 00
02 0A 12 01 00 0B 12 03 00 0E 12 7F 00 0F 12 00
00 10 12 FF 01 11 12 00 00 13 12 00 00 14 12 01
00 15 12 01 00 3F 90 00 01 80 9B 04 22 80 17 00
00 08 12 00 00 21 12 01 00 22 12 00 00 23 12 00
06 25 12 01 00 2A 12 3F 00 2E 12 00 00 2F 12 3F
00 30 90 00 00 40 15 05 08 80 15 04 08 90 A1 0F
00 90 21 00 00 28 A1 0F 00 80 73 00 00 00 01 44
26 04 13 04 34 00 36 04 13 04 74 02 81 44 A6 04
93 84 04 01 B6 04 93 84 04 20 37 19 01 1E 13 09
E9 03 B7 19 41 1F 93 89 E9 03 5B 10 80 00 5B 10
90 00 5B 10 20 41 5B 10 30 41 5B 00 00 00 15 05
08 A0 15 04 08 B0 A1 0F 00 B0 21 00 00 48 A1 0F
00 80 73 00 00 00 01 44 26 04 13 04 34 00 36 04
13 04 A4 02 81 44 A6 04 93 84 04 01 B6 04 93 84
04 40 37 19 01 1E 13 09 E9 03 B7 19 41 1F 93 89
E9 03 5B 10 80 00 5B 10 90 00 5B 10 20 41 5B 10
30 41 5B 00 00 00 15 05 08 C0 15 04 08 90 A1 0F
00 90 21 00 00 28 A1 0F 00 80 73 00 00 00 01 44
26 04 13 04 34 00 36 04 13 04 D4 02 81 44 A6 04
93 84 04 01 B6 04 93 84 04 60 37 19 01 1E 13 09
E9 03 B7 19 41 1F 93 89 E9 03 5B 10 80 00 5B 10
90 00 5B 10 20 41 5B 10 30 41 5B 00 00 00 15 05
08 A0 15 04 08 B0 A1 0F 00 B0 21 00 00 48 A1 0F
00 80 73 00 00 00 01 44 26 04 13 04 34 00 36 04
13 04 04 03 81 44 A6 04 93 84 04 01 B6 04 93 84
04 00 37 09 00 1E 13 09 09 04 B7 09 40 1F 93 89
09 04 5B 10 80 00 5B 10 90 00 5B 10 20 41 5B 10
30 41 5B 00 00 00 15 05 08 C0 15 04 08 90 A1 0F
00 90 21 00 00 28 A1 0F 00 80 73 00 00 00 01 44
26 04 13 04 34 00 36 04 13 04 34 03 81 44 A6 04
93 84 04 01 B6 04 93 84 04 20 37 09 00 1E 13 09
09 04 B7 09 40 1F 93 89 09 04 5B 10 80 00 5B 10
90 00 5B 10 20 41 5B 10 30 41 5B 00 00 00 15 05
08 A0 15 04 08 B0 A1 0F 00 B0 21 00 00 48 A1 0F
00 80 73 00 00 00 01 44 26 04 13 04 34 00 36 04
13 04 64 03 81 44 A6 04 93 84 04 01 B6 04 93 84
04 40 37 09 00 1E 13 09 09 04 B7 09 40 1F 93 89
09 04 5B 10 80 00 5B 10 90 00 5B 10 20 41 5B 10
30 41 5B 00 00 00 15 05 08 C0 15 04 08 90 A1 0F
00 90 21 00 00 28 A1 0F 00 80 73 00 00 00 01 44
26 04 13 04 34 00 36 04 13 04 94 03 81 44 A6 04
93 84 04 01 B6 04 93 84 04 60 37 09 00 1E 13 09
09 04 B7 09 40 1F 93 89 09 04 5B 10 80 00 5B 10
90 00 5B 10 20 41 5B 10 30 41 5B 00 00 00 15 05
08 A0 15 04 08 B0 A1 0F 00 B0 21 00 00 48 A1 0F
00 80 73 00 00 00 01 44 26 04 13 04 34 00 36 04
13 04 C4 03 81 44 A6 04 93 84 04 01 B6 04 93 84
14 00 37 19 00 1E 13 09 E9 03 B7 19 40 1F 93 89
E9 03 5B 10 80 00 5B 10 90 00 5B 10 20 41 5B 10
30 41 5B 00 00 00 15 05 08 C0 15 04 08 90 A1 0F
00 90 21 00 00 28 A1 0F 00 80 73 00 00 00 01 44
26 04 13 04 34 00 36 04 13 04 F4 03 81 44 A6 04
93 84 04 01 B6 04 93 84 14 20 37 19 00 1E 13 09
E9 03 B7 19 40 1F 93 89 E9 03 5B 10 80 00 5B 10
90 00 5B 10 20 41 5B 10 30 41 5B 00 00 00 15 05
08 A0 15 04 08 B0 A1 0F 00 B0 21 00 00 48 A1 0F
00 80 73 00 00 00 01 44 26 04 13 04 34 00 36 04
13 04 24 04 81 44 A6 04 93 84 04 01 B6 04 93 84
14 40 37 19 00 1E 13 09 E9 03 B7 19 40 1F 93 89
E9 03 5B 10 80 00 5B 10 90 00 5B 10 20 41 5B 10
30 41 5B 00 00 00 15 05 08 C0 15 04 08 90 A1 0F
00 90 21 00 00 28 A1 0F 00 80 73 00 00 00 01 44
26 04 13 04 34 00 36 04 13 04 54 04 81 44 A6 04
93 84 04 01 B6 04 93 84 14 60 37 19 00 1E 13 09
E9 03 B7 19 40 1F 93 89 E9 03 5B 10 80 00 5B 10
90 00 5B 10 20 41 5B 10 30 41 5B 00 00 00 15 05
08 A0 15 04 08 B0 A1 0F 00 B0 21 00 00 48 A1 0F
00 80 73 00 00 00 01 44 26 04 13 04 34 00 36 04
13 04 84 04 81 44 A6 04 93 84 04 01 B6 04 93 84
04 02 37 19 01 1E 13 09 E9 03 B7 19 41 1F 93 89
E9 03 5B 10 80 00 5B 10 90 00 5B 10 20 41 5B 10
30 41 5B 00 00 00 15 05 08 C0 15 04 08 90 A1 0F
00 90 21 00 00 28 A1 0F 00 80 73 00 00 00 01 44
26 04 13 04 34 00 36 04 13 04 B4 04 81 44 A6 04
93 84 04 01 B6 04 93 84 04 22 37 19 01 1E 13 09
E9 03 B7 19 41 1F 93 89 E9 03 5B 10 80 00 5B 10
90 00 5B 10 20 41 5B 10 30 41 5B 00 00 00 15 05
08 A0 15 04 08 B0 A1 0F 00 B0 21 00 00 48 A1 0F
00 80 73 00 00 00 01 44 26 04 13 04 34 00 36 04
13 04 E4 04 81 44 A6 04 93 84 04 01 B6 04 93 84
04 42 37 19 01 1E 13 09 E9 03 B7 19 41 1F 93 89
E9 03 5B 10 80 00 5B 10 90 00 5B 10 20 41 5B 10
30 41 5B 00 00 00 15 05 08 C0 15 04 08 90 A1 0F
00 90 21 00 00 28 A1 0F 00 80 73 00 00 00 01 44
26 04 13 04 34 00 36 04 13 04 14 05 81 44 A6 04
93 84 04 01 B6 04 93 84 04 62 37 19 01 1E 13 09
E9 03 B7 19 41 1F 93 89 E9 03 5B 10 80 00 5B 10
90 00 5B 10 20 41 5B 10 30 41 5B 00 00 00 15 05
08 A0 15 04 08 B0 A1 0F 00 B0 21 00 00 48 A1 0F
00 80 73 00 00 00 01 44 26 04 13 04 34 00 36 04
13 04 44 05 81 44 A6 04 93 84 04 01 B6 04 93 84
04 02 37 09 00 1E 13 09 09 04 B7 09 40 1F 93 89
09 04 5B 10 80 00 5B 10 90 00 5B 10 20 41 5B 10
30 41 5B 00 00 00 15 05 08 C0 15 04 08 90 A1 0F
00 90 21 00 00 28 A1 0F 00 80 73 00 00 00 01 44
26 04 13 04 34 00 36 04 13 04 74 05 81 44 A6 04
93 84 04 01 B6 04 93 84 04 22 37 09 00 1E 13 09
09 04 B7 09 40 1F 93 89 09 04 5B 10 80 00 5B 10
90 00 5B 10 20 41 5B 10 30 41 5B 00 00 00 15 05
08 A0 15 04 08 B0 A1 0F 00 B0 21 00 00 48 A1 0F
00 80 73 00 00 00 01 44 26 04 13 04 34 00 36 04
13 04 A4 05 81 44 A6 04 93 84 04 01 B6 04 93 84
04 42 37 09 00 1E 13 09 09 04 B7 09 40 1F 93 89
09 04 5B 10 80 00 5B 10 90 00 5B 10 20 41 5B 10
30 41 5B 00 00 00 15 05 08 C0 15 04 08 90 A1 0F
00 90 21 00 00 28 A1 0F 00 80 73 00 00 00 01 44
26 04 13 04 34 00 36 04 13 04 D4 05 81 44 A6 04
93 84 04 01 B6 04 93 84 04 62 37 09 00 1E 13 09
09 04 B7 09 40 1F 93 89 09 04 5B 10 80 00 5B 10
90 00 5B 10 20 41 5B 10 30 41 5B 00 00 00 15 05
08 A0 15 04 08 B0 A1 0F 00 B0 21 00 00 48 A1 0F
00 80 73 00 00 00 01 44 26 04 13 04 34 00 36 04
13 04 04 06 81 44 A6 04 93 84 04 01 B6 04 93 84
14 02 37 19 00 1E 13 09 E9 03 B7 19 40 1F 93 89
E9 03 5B 10 80 00 5B 10 90 00 5B 10 20 41 5B 10
30 41 5B 00 00 00 15 05 08 C0 15 04 08 90 A1 0F
00 90 21 00 00 28 A1 0F 00 80 73 00 00 00 01 44
26 04 13 04 34 00 36 04 13 04 34 06 81 44 A6 04
93 84 04 01 B6 04 93 84 14 22 37 19 00 1E 13 09
E9 03 B7 19 40 1F 93 89 E9 03 5B 10 80 00 5B 10
90 00 5B 10 20 41 5B 10 30 41 5B 00 00 00 15 05
08 A0 15 04 08 B0 A1 0F 00 B0 21 00 00 48 A1 0F
00 80 73 00 00 00 01 44 26 04 13 04 34 00 36 04
13 04 64 06 81 44 A6 04 93 84 04 01 B6 04 93 84
14 42 37 19 00 1E 13 09 E9 03 B7 19 40 1F 93 89
E9 03 5B 10 80 00 5B 10 90 00 5B 10 20 41 5B 10
30 41 5B 00 00 00 15 05 08 C0 15 04 08 90 A1 0F
00 90 21 00 00 28 A1 0F 00 80 73 00 00 00 01 44
26 04 13 04 34 00 36 04 13 04 94 06 81 44 A6 04
93 84 04 01 B6 04 93 84 14 62 37 19 00 1E 13 09
E9 03 B7 19 40 1F 93 89 E9 03 5B 10 80 00 5B 10
90 00 5B 10 20 41 5B 10 30 41 5B 00 00 00 15 05
08 A0 15 04 08 B0 A1 0F 00 B0 21 00 00 48 A1 0F
00 80 73 00 00 00 13 09 00 00 26 09 13 09 09 00
93 09 00 00 A6 09 93 89 09 02 5B 10 20 41 5B 10
30 41 5B 00 00 00 21 08 00 08 20 00 02 00 20 01
00 00 A0 01 40 00 A0 03 28 00 20 24 00 00 20 05
28 00 A0 25 00 00 23 00 04 04 A1 FF 81 87 A1 3F
A2 87 73 00 00 00 13 09 00 00 01 44 26 04 13 04
34 00 36 04 13 04 04 00 81 44 A6 04 93 84 04 01
B6 04 93 84 04 00 B7 19 81 1E 93 89 E9 03 5B 10
20 41 5B 10 80 00 5B 10 90 00 5B 10 30 41 5B 00
00 00 13 00 00 00 23 23 1C 88 15 05 08 C0 15 04
08 90 A1 0F 00 90 73 00 00 00 37 19 41 1F 13 09
E9 03 01 44 26 04 13 04 34 00 36 04 13 04 34 00
81 44 A6 04 93 84 04 01 B6 04 93 84 04 20 B7 19
01 1E 93 89 E9 03 5B 10 20 41 5B 10 80 00 5B 10
90 00 5B 10 30 41 5B 00 00 00 21 00 00 28 A1 0F
00 80 15 05 08 A0 15 04 08 B0 A1 0F 00 B0 73 00
00 00 37 19 41 1F 13 09 E9 03 01 44 26 04 13 04
34 00 36 04 13 04 64 00 81 44 A6 04 93 84 04 01
B6 04 93 84 04 40 B7 19 01 1E 93 89 E9 03 5B 10
20 41 5B 10 80 00 5B 10 90 00 5B 10 30 41 5B 00
00 00 21 00 00 48 A1 0F 00 80 15 05 08 C0 15 04
08 90 A1 0F 00 90 73 00 00 00 37 19 41 1F 13 09
E9 03 01 44 26 04 13 04 34 00 36 04 13 04 94 00
81 44 A6 04 93 84 04 01 B6 04 93 84 04 60 B7 19
01 1E 93 89 E9 03 5B 10 20 41 5B 10 80 00 5B 10
90 00 5B 10 30 41 5B 00 00 00 21 00 00 28 A1 0F
00 80 15 05 08 A0 15 04 08 B0
