00 00 01 80 00 00 01 80 00 00 01 80 00 00 01 80
00 00 01 80 00 00 01 80 00 00 01 80 00 00 01 80
00 00 01 80 00 00 01 80 00 00 01 80 00 00 01 80
00 00 00 00 01 00 00 00 02 00 00 00 03 00 00 00
04 00 00 00 05 00 00 00 06 00 00 00 07 00 00 00
08 00 00 00 09 00 00 00 0A 00 00 00 0B 00 00 00
00 D8 01 80 00 20 00 80 02 00 01 00 00 00 00 00
01 00 00 00 02 00 00 00 03 00 00 00 04 00 00 00
05 00 00 00 06 00 00 00 07 00 00 00 08 00 00 00
09 00 00 00 0A 00 00 00 0B 00 00 00 00 00 00 00
01 00 00 00 02 00 00 00 03 00 00 00 04 00 00 00
05 00 00 00 06 00 00 00 07 00 00 00 08 00 00 00
09 00 00 00 0A 00 00 00 0B 00 00 00 00 D8 01 80
58 22 00 80 02 00 01 00 00 00 00 00 01 00 00 00
02 00 00 00 03 00 00 00 04 00 00 00 05 00 00 00
06 00 00 00 07 00 00 00 08 00 00 00 09 00 00 00
0A 00 00 00 0B 00 00 00 00 D8 02 80 00 70 02 80
00 88 02 80 00 B8 02 80 00 D0 02 80 00 E8 02 80
00 00 03 80 00 18 03 80 00 30 03 80 00 48 03 80
00 60 03 80 00 78 03 80 00 D8 01 80 A4 2A 00 80
03 00 01 00
