00 00 00 00 00 00 00 00 00 00 00 00 00 00 00 00
00 00 00 00 00 00 00 00 00 00 00 00 00 00 00 00
00 00 00 00 00 00 00 00 00 00 00 00 00 00 00 00
00 00 00 00 00 00 00 00 00 00 00 00 00 00 00 00
00 00 00 00 00 00 00 00 00 00 00 00 00 00 00 00
00 00 00 00 00 00 00 00 00 00 00 00 00 00 00 00
00 00 00 00 70 00 00 00 03 00 FF 00 12 00 00 C0
12 00 00 C2 92 00 00 C4 12 00 00 C6 12 00 00 C8
12 00 00 CA 12 00 00 CC 12 00 01 CE 12 00 00 D0
12 00 00 D2 12 00 00 D4 12 00 00 D6 92 00 00 D8
12 00 00 DA 12 00 00 DC 12 00 00 DE 12 09 00 E0
92 08 00 E0 12 00 00 E2 12 09 00 E4 92 08 00 E4
12 00 00 E6 92 C2 02 E8 12 00 00 EA 12 00 00 EC
17 00 00 16 17 00 00 18 12 03 00 E4 92 02 00 E4
92 00 00 EC 17 00 00 16 17 00 00 18
