00 00 00 00 01 00 00 00 02 00 00 00 03 00 00 00
04 00 00 00 05 00 00 00 06 00 00 00 07 00 00 00
08 00 00 00 09 00 00 00 0A 00 00 00 0B 00 00 00
00 00 00 81 01 00 00 00 02 00 00 00 03 00 00 00
04 00 00 00 05 00 00 00 06 00 00 00 07 00 00 00
08 00 00 00 09 00 00 00 0A 00 00 00 0B 00 00 00
00 12 03 80 00 40 00 80 03 00 01 00
@00004000
13 01 01 EF 23 26 11 10 23 24 81 10 13 04 01 11
13 05 00 00 23 2A A4 FE 93 05 50 00 23 28 B4 FE
23 26 B4 FE 93 05 20 00 23 24 B4 FE 93 05 70 00
23 22 B4 FE 13 06 60 00 23 20 C4 FE 93 05 40 00
23 28 B4 EE 23 2E B4 FC 23 2C B4 FC 23 2A B4 FC
23 28 B4 FC 23 26 B4 FC 23 24 C4 FC 23 22 B4 FC
23 20 B4 FC 23 2E B4 FA 23 2C B4 FA 23 2A B4 FA
23 28 B4 FA 93 05 80 00 23 26 B4 FA 93 05 00 02
23 24 B4 FA 83 25 84 FA 93 95 55 00 93 85 F5 FF
23 22 B4 FA 83 25 84 FA 23 20 B4 FA 83 25 04 FA
93 95 D5 00 23 2E B4 F8 23 2C A4 F8 23 2A A4 F8
6F 00 40 00 83 25 44 F9 13 05 10 00 63 42 B5 6A
6F 00 40 00 03 25 44 FA 83 25 C4 F9 5B 10 A0 00
5B 10 A0 00 5B 10 B0 00 03 25 44 F9 63 1E 05 00
6F 00 40 00 5B 00 00 00 12 00 00 00 12 00 00 03
73 00 00 00 6F 00 80 01 5B 00 00 00 12 01 00 00
12 01 00 03 73 00 00 00 6F 00 40 00 5B 00 00 00
12 00 00 02 12 00 00 05 12 00 00 06 12 01 00 0B
12 00 00 8F 12 00 00 91 12 01 00 15 10 02 00 00
90 00 00 40 91 04 00 81 17 00 00 08 73 00 00 00
13 05 10 00 23 28 A4 F8 03 25 04 F9 13 15 35 00
23 26 A4 F8 13 05 00 00 23 24 A4 F8 93 05 00 10
23 22 B4 F8 23 20 A4 F8 23 2E A4 F6 6F 00 40 00
03 25 C4 F7 83 25 44 FE 63 5A B5 5C 6F 00 40 00
03 25 84 F8 23 2C A4 F6 03 25 C4 F7 63 0C 05 00
6F 00 40 00 03 25 84 F7 13 05 05 08 23 2C A4 F6
6F 00 40 00 03 25 C4 F7 93 15 25 00 13 05 C4 FA
33 05 B5 00 03 25 05 00 23 2A A4 F6 03 25 44 F7
23 28 A4 F6 13 05 00 02 23 26 A4 F6 03 25 C4 FE
83 25 04 F7 33 05 B5 02 83 25 C4 F6 33 05 B5 02
23 24 A4 F6 03 25 04 F7 13 15 85 00 83 25 C4 F6
33 05 B5 00 23 22 A4 F6 03 25 84 F6 83 25 44 F6
03 26 84 F7 5B 10 A0 40 5B 10 B0 40 5B 10 C0 40
5B 00 00 00 20 A0 02 00 20 01 00 00 A0 01 06 00
A0 02 29 00 20 03 00 20 A0 03 00 20 20 24 00 00
A0 24 00 00 23 80 04 84 73 00 00 00 13 05 00 00
23 26 A4 F4 6F 00 40 00 03 25 C4 F4 83 25 44 F7
63 58 B5 16 6F 00 40 00 03 25 04 F8 83 25 C4 F4
33 05 B5 00 13 15 55 00 23 24 A4 F4 13 05 00 02
23 22 A4 F4 03 25 44 F4 13 15 D5 00 83 25 84 F4
33 05 B5 00 23 20 A4 F4 03 25 04 F4 5B 10 A0 00
5B 00 00 00 15 04 08 90 21 00 00 18 73 00 00 00
13 05 00 00 23 2E A4 F2 6F 00 40 00 83 25 C4 F3
13 05 F0 01 63 4C B5 0E 6F 00 40 00 03 25 C4 FE
23 20 A4 F6 03 25 C4 F3 83 25 84 FE 33 05 B5 40
23 2E A4 F4 03 25 C4 F3 83 25 84 FE 63 5C B5 02
6F 00 40 00 03 25 C4 F3 13 05 35 00 23 20 A4 F6
03 25 C4 FE 83 25 04 F6 33 05 B5 40 23 2C A4 F4
13 05 10 00 23 2A A4 F4 13 05 00 00 23 2E A4 F4
6F 00 40 04 03 25 C4 F3 93 05 E0 01 63 4A B5 02
6F 00 40 00 83 25 C4 F3 13 05 20 02 33 05 B5 40
23 20 A4 F6 03 25 C4 FE 83 25 04 F6 33 05 B5 40
23 2C A4 F4 13 05 00 00 23 2A A4 F4 6F 00 40 00
6F 00 40 00 03 25 44 F5 13 15 05 01 83 25 84 F5
93 95 C5 00 33 05 B5 00 83 25 C4 F5 93 95 75 00
33 05 B5 00 83 25 04 F6 93 95 15 00 33 05 B5 00
23 28 A4 F4 03 25 04 F5 5B 10 A0 40 5B 00 00 00
A1 42 10 84 73 00 00 00 6F 00 40 00 03 25 C4 F3
13 05 15 00 23 2E A4 F2 6F F0 5F F0 6F 00 40 00
03 25 C4 F4 13 05 15 00 23 26 A4 F4 6F F0 DF E8
03 25 C4 F7 93 15 25 00 13 05 84 FC 33 05 B5 00
03 25 05 00 23 2C A4 F2 03 25 84 F3 13 15 85 00
13 05 05 02 23 2A A4 F2 03 25 44 F3 83 25 44 F8
5B 10 A0 40 5B 10 B0 40 5B 00 00 00 20 20 03 00
A0 03 00 20 23 00 04 84 73 00 00 00 13 05 00 00
23 28 A4 F2 6F 00 40 00 03 25 04 F3 83 25 84 F3
63 58 B5 16 6F 00 40 00 03 25 04 F3 23 26 A4 F2
13 05 50 00 23 24 A4 F2 03 25 C4 F7 63 18 05 02
6F 00 40 00 83 25 04 F3 13 05 10 00 63 40 B5 02
6F 00 40 00 03 25 04 F3 13 05 35 00 23 24 A4 F2
13 05 00 00 23 26 A4 F2 6F 00 40 00 03 25 C4 F7
63 1C 05 00 6F 00 40 00 03 25 04 F3 13 05 E5 FF
23 26 A4 F2 6F 00 40 00 03 25 C4 F7 83 25 44 FE
93 85 F5 FF 63 1A B5 02 6F 00 40 00 03 25 04 F3
83 25 84 F3 93 85 E5 FF 63 40 B5 02 6F 00 40 00
03 25 84 F3 83 25 04 F3 33 05 B5 40 13 05 25 00
23 24 A4 F2 6F 00 40 00 03 25 84 F2 13 15 65 00
83 25 04 F9 93 95 35 00 33 05 B5 00 23 26 A4 F8
03 25 84 F2 13 15 55 00 23 22 A4 F2 03 25 84 F2
B7 25 00 00 33 05 B5 00 23 20 A4 F2 13 05 00 02
23 2E A4 F0 03 25 84 F2 93 15 55 00 13 05 10 02
33 05 B5 40 23 2C A4 F0 03 25 84 F8 83 25 C4 F2
93 95 55 00 33 05 B5 00 23 2A A4 F0 03 25 C4 F8
83 25 44 F2 03 26 04 F2 83 26 C4 F1 03 27 84 F1
83 27 44 F1 5B 10 A0 40 5B 10 B0 40 5B 10 C0 40
5B 10 D0 40 5B 10 E0 40 5B 10 F0 40 5B 00 00 00
A0 02 00 20 20 03 00 20 20 05 00 20 A0 05 00 20
20 06 00 20 23 55 1C 88 73 00 00 00 6F 00 40 00
03 25 04 F3 13 05 15 00 23 28 A4 F2 6F F0 DF E8
13 05 00 00 23 28 A4 F0 03 25 84 F9 13 15 55 00
83 25 44 F9 93 95 A5 00 33 05 B5 00 23 26 A4 F0
03 25 C4 F0 13 15 F5 00 13 55 C5 01 23 24 A4 F0
03 25 C4 F0 13 15 35 01 13 55 35 01 23 22 A4 F0
03 25 84 F3 13 15 55 00 13 05 F5 FF 23 20 A4 F0
03 25 44 F8 23 2E A4 EE 03 25 44 F3 83 25 84 F0
03 26 44 F0 83 26 04 F0 03 27 44 F8 5B 10 A0 40
5B 10 B0 00 5B 10 C0 00 5B 10 D0 00 5B 10 D0 00
5B 10 E0 40 5B 00 00 00 20 00 02 00 20 05 00 20
A0 25 00 00 20 26 00 00 12 00 00 20 12 00 00 22
12 00 00 23 12 00 00 A4 12 00 00 A5 12 01 00 2A
12 00 00 AE 12 00 00 2F 12 00 00 B0 13 00 00 00
23 68 1C 88 17 00 00 08 73 00 00 00 03 25 44 F9
63 18 05 02 6F 00 40 00 03 25 44 F8 5B 10 A0 40
5B 00 00 00 12 01 00 20 12 01 00 22 13 00 00 00
23 68 1C 88 17 00 00 08 73 00 00 00 6F 00 40 00
83 25 84 F3 03 25 84 F9 33 05 B5 00 23 2C A4 F8
03 25 C4 F7 83 25 44 FE 93 85 F5 FF 63 06 B5 06
6F 00 40 00 03 25 84 F8 13 05 05 08 23 2C A4 EE
03 25 84 F8 23 2A A4 EE 03 25 44 F8 23 24 A4 F8
03 25 44 EF 23 22 A4 F8 03 25 84 F8 83 25 84 EF
5B 10 A0 40 5B 10 B0 40 5B 00 00 00 20 20 03 00
20 01 00 00 A0 01 40 00 A0 03 84 00 20 24 00 00
23 00 04 84 20 05 84 00 A0 25 00 00 23 44 1C 88
73 00 00 00 6F 00 40 00 03 25 C4 F7 93 15 25 00
13 05 C4 FA 33 05 B5 00 83 25 05 00 03 25 04 F8
33 05 B5 00 23 20 A4 F8 6F 00 40 00 03 25 C4 F7
13 05 15 00 23 2E A4 F6 6F F0 9F A2 6F 00 40 00
03 25 44 F9 13 05 15 00 23 2A A4 F8 6F F0 9F 95
5B 00 00 00 19 00 00 00 19 00 00 00 19 00 00 00
19 00 00 00 19 00 00 00 19 00 00 00 19 00 00 00
19 00 00 00 19 00 00 00 73 00 00 00 73 00 50 10
