13 01 01 F7 23 26 11 08 23 24 81 08 13 04 01 09
13 05 00 00 23 2A A4 FE 5B 00 00 00 12 01 00 3F
73 00 00 00 F3 25 40 F1 23 28 B4 FE 23 26 A4 FE
93 05 00 02 23 24 B4 FE 83 25 84 FE 93 95 55 00
93 85 F5 FF 23 22 B4 FE 83 25 84 FE 23 20 B4 FE
23 2E A4 FC 03 25 04 FF 93 05 10 00 63 1A B5 00
6F 00 40 00 13 05 00 40 23 2E A4 FC 6F 00 40 00
13 05 00 00 23 2C A4 FC 83 25 C4 FD 93 95 35 01
93 D5 35 01 23 2A B4 FC 23 28 A4 FC 83 25 04 FE
93 95 D5 00 03 26 04 FD B3 85 C5 00 23 26 B4 FC
83 25 84 FD 03 26 44 FD 83 26 C4 FC 5B 10 B0 00
5B 10 C0 00 5B 10 D0 00 5B 00 00 00 12 00 00 00
12 00 00 02 12 00 00 03 12 00 00 04 12 00 00 85
12 00 00 86 12 01 00 0B 12 FF 03 0F 12 00 00 10
12 FF 03 11 12 00 00 13 12 00 00 14 12 01 00 15
10 02 00 00 90 00 00 40 91 05 00 91 17 00 00 08
21 00 00 18 73 00 00 00 93 05 00 02 23 24 B4 FC
23 22 B4 FC 93 05 00 04 23 20 B4 FC 23 2E B4 FA
83 25 04 FC 23 2C B4 FA 83 25 C4 FB 23 2A B4 FA
23 28 A4 FA 6F 00 40 00 03 25 04 FB 83 25 84 FB
13 D6 F5 41 13 56 D6 01 B3 85 C5 00 93 D5 35 40
63 5A B5 28 6F 00 40 00 13 05 00 00 23 26 A4 FA
6F 00 40 00 83 25 C4 FA 13 05 70 00 63 4E B5 16
6F 00 40 00 13 05 00 00 23 24 A4 FA 6F 00 40 00
03 25 84 FA 83 25 44 FB 13 D6 F5 41 13 56 E6 01
B3 85 C5 00 93 D5 25 40 63 5E B5 12 6F 00 40 00
13 05 00 00 23 22 A4 FA 6F 00 40 00 83 25 44 FA
13 05 30 00 63 48 B5 0A 6F 00 40 00 03 25 04 FB
13 15 35 00 83 25 C4 FA 33 05 B5 00 23 20 A4 FA
03 25 84 FA 13 15 25 00 83 25 44 FA 33 05 B5 00
23 2E A4 F8 03 25 04 FA 83 25 84 FC 33 05 B5 02
83 25 04 FC 33 45 B5 02 23 2C A4 F8 03 25 C4 F9
83 25 44 FC 33 05 B5 02 83 25 C4 FB 33 45 B5 02
23 2A A4 F8 03 25 84 F9 13 15 55 00 83 25 44 F9
33 05 B5 00 23 28 A4 F8 03 25 04 F9 5B 10 A0 C0
03 25 C4 FA 83 25 C4 FB 33 05 B5 02 83 25 C4 F9
33 05 B5 00 23 26 A4 F8 03 25 C4 F8 5B 10 A0 C0
6F 00 40 00 03 25 44 FA 13 05 15 00 23 22 A4 FA
6F F0 DF F4 5B 00 00 00 20 00 00 00 40 00 24 00
C4 00 00 00 C4 02 00 00 44 01 00 00 44 03 00 00
C4 01 00 00 C4 03 00 00 44 02 00 00 44 04 00 00
CD A4 00 00 4D 25 01 00 CD A5 01 00 4D 26 02 00
44 20 02 00 4F C0 92 00 4F 40 A3 00 4F C0 B3 00
4F 40 C4 00 44 10 00 00 23 00 00 00 73 00 00 00
6F 00 40 00 03 25 84 FA 13 05 15 00 23 24 A4 FA
6F F0 1F EB 6F 00 40 00 03 25 C4 FA 13 05 15 00
23 26 A4 FA 6F F0 1F E8 03 25 C4 FE 13 15 65 00
83 25 04 FF 03 26 84 FB B3 85 C5 02 03 26 44 FB
B3 85 C5 02 33 05 B5 00 23 24 A4 F8 13 05 00 00
23 22 A4 F8 03 25 84 F8 13 15 F5 00 13 55 C5 01
23 20 A4 F8 03 25 84 F8 13 15 35 01 13 55 35 01
23 2E A4 F6 03 25 04 F8 83 25 C4 F7 03 26 44 F8
5B 10 A0 00 5B 10 B0 00 5B 10 C0 40 5B 00 00 00
20 00 02 00 20 05 04 02 A0 25 00 00 20 26 00 00
12 00 00 20 12 00 00 21 12 00 00 22 12 00 00 23
12 00 00 A4 12 00 00 A5 12 01 00 2A 12 FF 01 2E
12 00 00 2F 12 FF 01 30 13 00 00 00 A3 06 1D 88
17 00 00 08 19 00 00 00 19 00 00 00 19 00 00 00
19 00 00 00 19 00 00 00 19 00 00 00 19 00 00 00
19 00 00 00 19 00 00 00 19 00 00 00 19 00 00 00
73 00 00 00 03 25 C4 FE 13 05 85 00 23 26 A4 FE
6F 00 40 00 03 25 04 FB 13 05 15 00 23 28 A4 FA
6F F0 9F D5 73 00 50 10