00 40 00 80 00 40 00 80 00 40 00 80 00 40 00 80
00 40 00 80 00 40 00 80 00 40 00 80 00 40 00 80
00 40 00 80 00 40 00 80 00 40 00 80 00 40 00 80
40 46 00 80 00 47 00 80 C0 47 00 80 80 48 00 80
40 49 00 80 00 4A 00 80 C0 4A 00 80 80 4B 00 80
40 4C 00 80 00 4D 00 80 C0 4D 00 80 80 4E 00 80
40 42 00 80 00 20 00 00 02 00 FF 0F 00 E0 00 80
00 E0 00 80 00 FC 02 80 00 FC 02 80 00 04 05 80
00 04 05 80 00 0C 07 80 00 0C 07 80 00 14 09 80
00 14 09 80 00 1C 0B 80 00 1C 0B 80 40 46 00 80
00 47 00 80 C0 47 00 80 80 48 00 80 40 49 00 80
00 4A 00 80 C0 4A 00 80 80 4B 00 80 40 4C 00 80
00 4D 00 80 C0 4D 00 80 80 4E 00 80 40 42 00 80
14 21 00 00 03 00 FF 0F
