00 E0 00 80 00 E0 00 80 00 FC 02 80 00 FC 02 80
00 04 05 80 00 04 05 80 00 0C 07 80 00 0C 07 80
00 14 09 80 00 14 09 80 00 1C 0B 80 00 1C 0B 80
00 00 00 81 00 80 0C 81 00 23 00 81 00 B0 0E 81
00 38 04 81 00 B8 10 81 00 40 06 81 00 C0 12 81
00 48 08 81 00 C8 14 81 00 50 0A 81 00 D0 16 81
00 40 00 80 00 20 00 00 02 00 01 00 00 E0 00 80
00 E0 00 80 00 FC 02 80 00 FC 02 80 00 04 05 80
00 04 05 80 00 0C 07 80 00 0C 07 80 00 14 09 80
00 14 09 80 00 1C 0B 80 00 1C 0B 80 00 00 00 81
00 80 0C 81 00 23 00 81 00 B0 0E 81 00 38 04 81
00 B8 10 81 00 40 06 81 00 C0 12 81 00 48 08 81
00 C8 14 81 00 50 0A 81 00 D0 16 81 00 40 00 80
00 40 00 80 14 21 00 00 03 00 01 00