5B 00 00 00 73 00 00 00 73 00 50 10 12 00 00 C0
12 00 00 C2 12 00 00 C4 12 00 00 C6 12 00 00 C8
12 00 00 CA 12 00 00 CC 12 00 01 CE 12 00 00 D0
12 00 00 D2 12 00 00 D4 12 00 00 D6 92 00 00 D8
12 00 00 DA 12 00 00 DC 12 00 00 DE 92 0F 00 E0
12 00 00 E2 92 0F 00 E4 12 00 00 E6 12 00 00 E8
12 00 00 EA 12 00 00 EC 17 00 00 06 17 00 00 08
12 00 00 80 12 00 00 82 12 00 00 84 12 00 00 86
12 08 00 88 12 00 00 8A 12 00 02 8C 12 00 00 8E
12 00 00 90 12 00 00 92 12 00 00 94 92 00 00 96
12 00 00 98 12 00 00 9A 12 00 00 9C 92 07 00 9E
12 00 00 A0 92 07 00 A2 12 00 00 A4 12 00 00 A6
17 00 00 04 17 00 00 08 12 00 00 C0 12 00 00 C2
12 00 00 C4 12 00 00 C6 12 00 00 C8 12 00 00 CA
12 00 00 CC 12 00 02 CE 12 00 00 D0 12 00 00 D2
12 00 00 D4 12 00 00 D6 92 00 00 D8 12 00 00 DA
12 00 00 DC 12 00 00 DE 92 07 00 E0 12 00 00 E2
92 07 00 E4 12 00 00 E6 12 00 00 E8 12 00 00 EA
12 00 00 EC 17 00 00 06 17 00 00 08
