73 00 00 00 01 44 26 04 13 04 04 01 36 04 13 04
04 00 81 44 A6 04 93 84 04 01 B6 04 93 84 44 02
01 45 26 05 13 05 85 00 36 05 13 05 05 00 81 45
A6 05 93 85 15 00 B6 05 93 85 05 00 37 09 20 20
13 09 C9 03 01 46 26 06 13 06 16 00 36 06 13 06
16 00 B7 09 20 00 93 89 C9 0B 81 46 A6 06 93 86
16 00 B6 06 93 86 26 00 01 47 26 07 13 07 17 00
36 07 13 07 07 40 37 0A 20 00 13 0A CA 03 81 47
A6 07 93 87 17 00 B6 07 93 87 37 00 5B 10 80 00
5B 10 90 00 5B 10 A0 00 5B 10 B0 00 5B 10 20 41
5B 10 C0 00 5B 10 30 41 5B 10 D0 00 5B 10 E0 00
5B 10 40 41 5B 10 F0 00 5B 00 00 00 22 20 01 40
10 82 02 00 12 00 00 40 12 00 00 42 12 00 00 44
12 00 00 46 12 00 00 48 12 00 00 4A 12 00 00 4C
12 00 00 4E 12 00 00 50 12 00 00 52 12 00 00 54
92 00 00 56 12 00 00 58 12 00 00 5A 12 00 00 5C
92 08 00 5E 12 00 00 60 92 08 00 62 12 00 00 64
12 00 00 66 12 00 00 68 12 00 00 6A 12 01 00 6C
12 01 00 6E 12 02 00 70 12 02 00 72 12 01 00 74
92 01 00 76 12 00 00 78 12 00 00 7A 92 00 00 7C
90 00 00 40 91 75 23 81 91 F5 23 80 91 04 00 80
15 05 08 80 15 04 F0 10 A1 0E 00 90 15 05 08 80
A1 0E 00 80 15 05 08 80 15 04 F0 A0 A1 0E 00 A0
15 05 08 80 73 00 00 00 37 09 20 00 13 09 C9 0B
01 44 26 04 13 04 14 00 36 04 13 04 44 00 81 44
A6 04 93 84 14 00 B6 04 93 84 14 00 B7 09 20 00
93 89 09 02 01 45 26 05 13 05 15 00 36 05 13 05
55 00 37 0A 20 00 13 0A 0A 0A 81 45 A6 05 93 85
15 00 B6 05 93 85 65 00 01 46 26 06 13 06 16 00
36 06 13 06 16 40 B7 0A 20 00 93 8A CA 03 5B 10
20 41 5B 10 80 00 5B 10 90 00 5B 10 30 41 5B 10
A0 00 5B 10 40 41 5B 10 B0 00 5B 10 C0 00 5B 10
50 41 5B 00 00 00 A1 0E 00 80 15 05 08 80 15 04
F0 90 A1 0E 00 90 15 05 08 80 A1 0E 00 80 15 05
08 80 15 04 F0 A0 A1 0E 00 A0 73 00 00 00 01 44
26 04 13 04 14 00 36 04 13 04 74 00 37 09 20 00
13 09 C9 0B 81 44 A6 04 93 84 14 00 B6 04 93 84
84 00 01 45 26 05 13 05 15 00 36 05 13 05 25 00
B7 09 20 00 93 89 09 02 81 45 A6 05 93 85 15 00
B6 05 93 85 95 00 37 0A 20 00 13 0A 0A 0A 01 46
26 06 13 06 16 00 36 06 13 06 A6 00 81 46 A6 06
93 86 16 00 B6 06 93 86 26 40 B7 0A 20 00 93 8A
CA 03 5B 10 80 00 5B 10 20 41 5B 10 90 00 5B 10
A0 00 5B 10 30 41 5B 10 B0 00 5B 10 40 41 5B 10
C0 00 5B 10 D0 00 5B 10 50 41 5B 00 00 00 15 05
08 80 A1 0E 00 80 15 05 08 80 15 04 F0 90 A1 0E
00 90 15 05 08 80 A1 0E 00 80 15 05 08 80 15 04
F0 A0 A1 0E 00 A0 73 00 00 00 01 44 26 04 13 04
14 00 36 04 13 04 B4 00 37 09 20 00 13 09 09 0A
81 44 A6 04 93 84 14 00 B6 04 93 84 C4 00 01 45
26 05 13 05 15 00 36 05 13 05 05 02 B7 09 20 00
93 89 09 02 81 45 A6 05 93 85 15 00 B6 05 93 85
D5 00 37 0A 20 00 13 0A 0A 0A 01 46 26 06 13 06
16 00 36 06 13 06 E6 00 81 46 A6 06 93 86 16 00
B6 06 93 86 06 42 B7 0A 20 00 93 8A CA 03 5B 10
80 00 5B 10 20 41 5B 10 90 00 5B 10 A0 00 5B 10
30 41 5B 10 B0 00 5B 10 40 41 5B 10 C0 00 5B 10
D0 00 5B 10 50 41 5B 00 00 00 15 05 08 80 A1 0E
00 80 15 05 08 80 15 04 F0 90 A1 0E 00 90 15 05
08 80 A1 0E 00 80 15 05 08 80 15 04 F0 A0 A1 0E
00 A0 73 00 00 00 01 44 26 04 13 04 14 00 36 04
13 04 F4 00 37 09 20 00 13 09 09 0A 81 44 A6 04
93 84 14 00 B6 04 93 84 04 01 01 45 26 05 13 05
15 00 36 05 13 05 15 02 B7 09 20 00 93 89 09 02
81 45 A6 05 93 85 15 00 B6 05 93 85 15 01 37 0A
20 00 13 0A 0A 0A 01 46 26 06 13 06 16 00 36 06
13 06 26 01 81 46 A6 06 93 86 16 00 B6 06 93 86
16 42 B7 0A 20 00 93 8A CA 03 5B 10 80 00 5B 10
20 41 5B 10 90 00 5B 10 A0 00 5B 10 30 41 5B 10
B0 00 5B 10 40 41 5B 10 C0 00 5B 10 D0 00 5B 10
50 41 5B 00 00 00 15 05 08 80 A1 0E 00 80 15 05
08 80 15 04 F0 90 A1 0E 00 90 15 05 08 80 A1 0E
00 80 15 05 08 80 15 04 F0 A0 A1 0E 00 A0 73 00
00 00 01 44 26 04 13 04 14 00 36 04 13 04 34 01
37 09 20 00 13 09 09 0A 81 44 A6 04 93 84 14 00
B6 04 93 84 44 01 01 45 26 05 13 05 15 00 36 05
13 05 25 02 B7 09 20 00 93 89 09 02 81 45 A6 05
93 85 15 00 B6 05 93 85 55 01 37 0A 20 00 13 0A
0A 0A 01 46 26 06 13 06 16 00 36 06 13 06 66 01
81 46 A6 06 93 86 16 00 B6 06 93 86 26 42 B7 0A
20 00 93 8A CA 03 5B 10 80 00 5B 10 20 41 5B 10
90 00 5B 10 A0 00 5B 10 30 41 5B 10 B0 00 5B 10
40 41 5B 10 C0 00 5B 10 D0 00 5B 10 50 41 5B 00
00 00 15 05 08 80 A1 0E 00 80 15 05 08 80 15 04
F0 90 A1 0E 00 90 15 05 08 80 A1 0E 00 80 15 05
08 80 15 04 F0 A0 A1 0E 00 A0 73 00 00 00 01 44
26 04 13 04 14 00 36 04 13 04 74 01 37 09 20 00
13 09 09 0A 81 44 A6 04 93 84 14 00 B6 04 93 84
84 01 01 45 26 05 13 05 15 00 36 05 13 05 05 04
B7 09 20 00 93 89 09 02 81 45 A6 05 93 85 15 00
B6 05 93 85 95 01 37 0A 20 00 13 0A 0A 0A 01 46
26 06 13 06 16 00 36 06 13 06 A6 01 81 46 A6 06
93 86 16 00 B6 06 93 86 06 44 B7 0A 20 00 93 8A
CA 03 5B 10 80 00 5B 10 20 41 5B 10 90 00 5B 10
A0 00 5B 10 30 41 5B 10 B0 00 5B 10 40 41 5B 10
C0 00 5B 10 D0 00 5B 10 50 41 5B 00 00 00 15 05
08 80 A1 0E 00 80 15 05 08 80 15 04 F0 90 A1 0E
00 90 15 05 08 80 A1 0E 00 80 15 05 08 80 15 04
F0 A0 A1 0E 00 A0 73 00 00 00 01 44 26 04 13 04
14 00 36 04 13 04 B4 01 37 09 20 00 13 09 09 0A
81 44 A6 04 93 84 14 00 B6 04 93 84 C4 01 01 45
26 05 13 05 15 00 36 05 13 05 15 04 B7 09 20 00
93 89 09 02 81 45 A6 05 93 85 15 00 B6 05 93 85
D5 01 37 0A 20 00 13 0A 0A 0A 01 46 26 06 13 06
16 00 36 06 13 06 E6 01 81 46 A6 06 93 86 16 00
B6 06 93 86 16 44 B7 0A 20 00 93 8A CA 03 5B 10
80 00 5B 10 20 41 5B 10 90 00 5B 10 A0 00 5B 10
30 41 5B 10 B0 00 5B 10 40 41 5B 10 C0 00 5B 10
D0 00 5B 10 50 41 5B 00 00 00 15 05 08 80 A1 0E
00 80 15 05 08 80 15 04 F0 90 A1 0E 00 90 15 05
08 80 A1 0E 00 80 15 05 08 80 15 04 F0 A0 A1 0E
00 A0 73 00 00 00 01 44 26 04 13 04 14 00 36 04
13 04 F4 01 37 09 20 00 13 09 09 0A 81 44 A6 04
93 84 14 00 B6 04 93 84 04 02 01 45 26 05 13 05
15 00 36 05 13 05 25 04 B7 09 20 00 93 89 09 02
81 45 A6 05 93 85 15 00 B6 05 93 85 15 02 37 0A
20 00 13 0A 0A 0A 01 46 26 06 13 06 16 00 36 06
13 06 26 02 81 46 A6 06 93 86 16 00 B6 06 93 86
26 44 B7 0A 20 00 93 8A CA 03 5B 10 80 00 5B 10
20 41 5B 10 90 00 5B 10 A0 00 5B 10 30 41 5B 10
B0 00 5B 10 40 41 5B 10 C0 00 5B 10 D0 00 5B 10
50 41 5B 00 00 00 15 05 08 80 A1 0E 00 80 15 05
08 80 15 04 F0 90 A1 0E 00 90 15 05 08 80 A1 0E
00 80 15 05 08 80 15 04 F0 A0 A1 0E 00 A0 73 00
00 00 01 44 26 04 13 04 14 00 36 04 13 04 34 02
37 09 20 00 13 09 09 0A 93 09 50 02 81 44 A6 04
93 84 14 00 B6 04 93 84 04 00 01 45 26 05 13 05
15 00 36 05 13 05 05 02 37 0A 20 20 13 0A CA 03
81 45 A6 05 93 85 15 00 B6 05 93 85 15 00 B7 0A
20 00 93 8A CA 0B 5B 10 80 00 5B 10 20 41 5B 10
30 41 5B 10 90 00 5B 10 A0 00 5B 10 40 41 5B 10
B0 00 5B 10 50 41 5B 00 00 00 15 05 08 80 A1 0E
00 B0 40 F0 00 00 CD 20 00 24 4D 21 40 24 CD 21
80 24 4D 22 C0 24 CD 22 00 25 4D 23 40 25 CD 23
80 25 4D 24 C0 25 CD 24 00 26 4D 25 40 26 CD 25
80 26 4D 26 C0 26 CD 26 00 27 4D 27 40 27 42 02
00 00 19 00 00 30 90 82 02 00 23 00 00 00 20 80
01 00 20 01 22 02 A0 41 04 00 20 02 00 00 A0 82
11 00 20 C3 03 00 A0 E3 21 00 20 24 00 00 A1 0E
80 86 10 82 02 00 15 05 08 80 15 04 F0 90 A1 0E
00 90 15 05 08 80 A1 0E 00 80 73 00 00 00 01 44
26 04 13 04 14 00 36 04 13 04 24 00 81 44 A6 04
93 84 14 00 B6 04 93 84 04 42 37 09 20 00 13 09
C9 03 01 45 26 05 13 05 15 00 36 05 13 05 35 00
B7 09 20 00 93 89 C9 0B 81 45 A6 05 93 85 15 00
B6 05 93 85 45 00 01 46 26 06 13 06 16 00 36 06
13 06 16 02 37 0A 20 00 13 0A 0A 02 81 46 A6 06
93 86 16 00 B6 06 93 86 56 00 B7 0A 20 00 93 8A
0A 0A 5B 10 80 00 5B 10 90 00 5B 10 20 41 5B 10
A0 00 5B 10 30 41 5B 10 B0 00 5B 10 C0 00 5B 10
40 41 5B 10 D0 00 5B 10 50 41 5B 00 00 00 15 05
08 80 15 04 F0 A0 A1 0E 00 A0 15 05 08 80 A1 0E
00 80 15 05 08 80 15 04 F0 90 A1 0E 00 90 15 05
08 80 A1 0E 00 80 73 00 00 00 01 44 26 04 13 04
14 00 36 04 13 04 64 00 81 44 A6 04 93 84 14 00
B6 04 93 84 14 42 37 09 20 00 13 09 C9 03 01 45
26 05 13 05 15 00 36 05 13 05 75 00 B7 09 20 00
93 89 C9 0B 81 45 A6 05 93 85 15 00 B6 05 93 85
85 00 01 46 26 06 13 06 16 00 36 06 13 06 26 02
37 0A 20 00 13 0A 0A 02 81 46 A6 06 93 86 16 00
B6 06 93 86 96 00 B7 0A 20 00 93 8A 0A 0A 5B 10
80 00 5B 10 90 00 5B 10 20 41 5B 10 A0 00 5B 10
30 41 5B 10 B0 00 5B 10 C0 00 5B 10 40 41 5B 10
D0 00 5B 10 50 41 5B 00 00 00 15 05 08 80 15 04
F0 A0 A1 0E 00 A0 15 05 08 80 A1 0E 00 80 15 05
08 80 15 04 F0 90 A1 0E 00 90 15 05 08 80 A1 0E
00 80 73 00 00 00 01 44 26 04 13 04 14 00 36 04
13 04 A4 00 81 44 A6 04 93 84 14 00 B6 04 93 84
24 42 37 09 20 00 13 09 C9 03 01 45 26 05 13 05
15 00 36 05 13 05 B5 00 B7 09 20 00 93 89 09 0A
81 45 A6 05 93 85 15 00 B6 05 93 85 C5 00 01 46
26 06 13 06 16 00 36 06 13 06 06 04 37 0A 20 00
13 0A 0A 02 81 46 A6 06 93 86 16 00 B6 06 93 86
D6 00 B7 0A 20 00 93 8A 0A 0A 5B 10 80 00 5B 10
90 00 5B 10 20 41 5B 10 A0 00 5B 10 30 41 5B 10
B0 00 5B 10 C0 00 5B 10 40 41 5B 10 D0 00 5B 10
50 41 5B 00 00 00 15 05 08 80 15 04 F0 A0 A1 0E
00 A0 15 05 08 80 A1 0E 00 80 15 05 08 80 15 04
F0 90 A1 0E 00 90 15 05 08 80 A1 0E 00 80 73 00
00 00 01 44 26 04 13 04 14 00 36 04 13 04 E4 00
81 44 A6 04 93 84 14 00 B6 04 93 84 04 44 37 09
20 00 13 09 C9 03 01 45 26 05 13 05 15 00 36 05
13 05 F5 00 B7 09 20 00 93 89 09 0A 81 45 A6 05
93 85 15 00 B6 05 93 85 05 01 01 46 26 06 13 06
16 00 36 06 13 06 16 04 37 0A 20 00 13 0A 0A 02
81 46 A6 06 93 86 16 00 B6 06 93 86 16 01 B7 0A
20 00 93 8A 0A 0A 5B 10 80 00 5B 10 90 00 5B 10
20 41 5B 10 A0 00 5B 10 30 41 5B 10 B0 00 5B 10
C0 00 5B 10 40 41 5B 10 D0 00 5B 10 50 41 5B 00
00 00 15 05 08 80 15 04 F0 A0 A1 0E 00 A0 15 05
08 80 A1 0E 00 80 15 05 08 80 15 04 F0 90 A1 0E
00 90 15 05 08 80 A1 0E 00 80 73 00 00 00 01 44
26 04 13 04 14 00 36 04 13 04 24 01 81 44 A6 04
93 84 14 00 B6 04 93 84 14 44 37 09 20 00 13 09
C9 03 01 45 26 05 13 05 15 00 36 05 13 05 35 01
B7 09 20 00 93 89 09 0A 81 45 A6 05 93 85 15 00
B6 05 93 85 45 01 01 46 26 06 13 06 16 00 36 06
13 06 26 04 37 0A 20 00 13 0A 0A 02 81 46 A6 06
93 86 16 00 B6 06 93 86 56 01 B7 0A 20 00 93 8A
0A 0A 5B 10 80 00 5B 10 90 00 5B 10 20 41 5B 10
A0 00 5B 10 30 41 5B 10 B0 00 5B 10 C0 00 5B 10
40 41 5B 10 D0 00 5B 10 50 41 5B 00 00 00 15 05
08 80 15 04 F0 A0 A1 0E 00 A0 15 05 08 80 A1 0E
00 80 15 05 08 80 15 04 F0 90 A1 0E 00 90 15 05
08 80 A1 0E 00 80 73 00 00 00 01 44 26 04 13 04
14 00 36 04 13 04 64 01 81 44 A6 04 93 84 14 00
B6 04 93 84 24 44 37 09 20 00 13 09 C9 03 01 45
26 05 13 05 15 00 36 05 13 05 75 01 B7 09 20 00
93 89 09 0A 81 45 A6 05 93 85 15 00 B6 05 93 85
85 01 01 46 26 06 13 06 16 00 36 06 13 06 06 06
37 0A 20 00 13 0A 0A 02 81 46 A6 06 93 86 16 00
B6 06 93 86 96 01 B7 0A 20 00 93 8A 0A 0A 5B 10
80 00 5B 10 90 00 5B 10 20 41 5B 10 A0 00 5B 10
30 41 5B 10 B0 00 5B 10 C0 00 5B 10 40 41 5B 10
D0 00 5B 10 50 41 5B 00 00 00 15 05 08 80 15 04
F0 A0 A1 0E 00 A0 15 05 08 80 A1 0E 00 80 15 05
08 80 15 04 F0 90 A1 0E 00 90 15 05 08 80 A1 0E
00 80 73 00 00 00 01 44 26 04 13 04 14 00 36 04
13 04 A4 01 81 44 A6 04 93 84 14 00 B6 04 93 84
04 46 37 09 20 00 13 09 C9 03 01 45 26 05 13 05
15 00 36 05 13 05 B5 01 B7 09 20 00 93 89 09 0A
81 45 A6 05 93 85 15 00 B6 05 93 85 C5 01 01 46
26 06 13 06 16 00 36 06 13 06 16 06 37 0A 20 00
13 0A 0A 02 81 46 A6 06 93 86 16 00 B6 06 93 86
D6 01 B7 0A 20 00 93 8A 0A 0A 5B 10 80 00 5B 10
90 00 5B 10 20 41 5B 10 A0 00 5B 10 30 41 5B 10
B0 00 5B 10 C0 00 5B 10 40 41 5B 10 D0 00 5B 10
50 41 5B 00 00 00 15 05 08 80 15 04 F0 A0 A1 0E
00 A0 15 05 08 80 A1 0E 00 80 15 05 08 80 15 04
F0 90 A1 0E 00 90 15 05 08 80 A1 0E 00 80 73 00
00 00 01 44 26 04 13 04 14 00 36 04 13 04 E4 01
81 44 A6 04 93 84 14 00 B6 04 93 84 14 46 37 09
20 00 13 09 C9 03 01 45 26 05 13 05 15 00 36 05
13 05 F5 01 B7 09 20 00 93 89 09 0A 81 45 A6 05
93 85 15 00 B6 05 93 85 05 02 01 46 26 06 13 06
16 00 36 06 13 06 26 06 37 0A 20 00 13 0A 0A 02
81 46 A6 06 93 86 16 00 B6 06 93 86 16 02 B7 0A
20 00 93 8A 0A 0A 5B 10 80 00 5B 10 90 00 5B 10
20 41 5B 10 A0 00 5B 10 30 41 5B 10 B0 00 5B 10
C0 00 5B 10 40 41 5B 10 D0 00 5B 10 50 41 5B 00
00 00 15 05 08 80 15 04 F0 A0 A1 0E 00 A0 15 05
08 80 A1 0E 00 80 15 05 08 80 15 04 F0 90 A1 0E
00 90 15 05 08 80 A1 0E 00 80 73 00 00 00 01 44
26 04 13 04 14 00 36 04 13 04 24 02 81 44 A6 04
93 84 14 00 B6 04 93 84 24 46 37 09 20 00 13 09
C9 03 01 45 26 05 13 05 15 00 36 05 13 05 35 02
B7 09 20 00 93 89 09 0A 13 0A 50 02 93 0A 40 02
5B 10 80 00 5B 10 90 00 5B 10 20 41 5B 10 A0 00
5B 10 30 41 5B 10 40 41 5B 10 50 41 5B 00 00 00
15 05 08 80 15 04 F0 A0 A1 0E 00 A0 15 05 08 80
A1 0E 00 80 21 00 00 08 21 00 00 08 21 00 00 08
A1 0E 80 86 20 A0 01 00 20 01 00 00 A0 01 06 00
A0 E3 21 00 20 24 00 00 20 45 E0 01 A0 E5 01 00
20 46 7E 00 23 80 02 04 23 00 0E 88 73 00 00 00
73 00 50 10 73 00 00 00 13 09 F0 00 5B 10 20 41
5B 00 00 00 20 00 01 00 20 E5 21 00 A0 25 00 00
20 06 00 00 23 80 0E 88
