01 44 26 04 13 04 44 02 36 04 13 04 04 00 81 44
A6 04 93 84 44 00 B6 04 93 84 44 02 01 45 26 05
13 05 05 00 36 05 13 05 05 00 81 45 A6 05 93 85
15 00 B6 05 93 85 05 00 01 46 26 06 13 06 E6 01
36 06 13 06 06 00 37 09 40 20 13 09 C9 03 81 46
A6 06 93 86 16 00 B6 06 93 86 16 00 B7 09 00 20
93 89 C9 0B 01 47 26 07 13 07 17 00 36 07 13 07
27 00 81 47 A6 07 93 87 E7 01 B6 07 93 87 07 40
5B 10 80 00 5B 10 90 00 5B 10 A0 00 5B 10 B0 00
5B 10 C0 00 5B 10 20 41 5B 10 D0 00 5B 10 30 41
5B 10 E0 00 5B 10 F0 00 5B 00 00 00 90 00 00 40
22 20 01 40 10 82 02 00 12 00 00 02 12 00 00 03
12 00 00 04 12 00 00 06 12 01 00 0B 12 3F 02 0F
12 00 00 10 12 3F 02 11 12 00 00 13 12 00 00 14
12 01 00 15 12 01 00 1F 90 00 00 40 91 75 83 80
17 00 00 08 12 00 00 02 12 00 00 03 12 00 00 04
12 40 02 06 12 01 00 0B 12 3F 00 0F 12 00 00 10
12 3F 00 11 12 00 00 13 12 00 00 14 12 01 00 15
12 01 00 1F 91 F5 83 80 17 00 00 08 12 00 00 62
12 00 00 63 12 00 00 64 12 00 00 65 12 00 00 67
12 00 00 68 12 01 00 6C 12 FF 07 70 12 00 00 71
12 FF 07 72 12 00 00 74 12 00 00 75 12 00 00 76
17 00 00 06 17 00 00 08 12 01 00 00 12 00 00 01
12 00 00 02 12 01 00 03 12 00 00 04 12 00 00 06
12 01 00 0B 12 FF 07 0F 12 00 00 10 12 FF 07 11
12 00 00 13 12 00 00 14 12 00 00 15 12 01 00 1F
91 04 40 80 17 00 00 08 15 05 08 80 15 04 08 90
A1 0E 00 90 15 05 08 80 A1 0E 00 80 15 05 08 80
15 04 08 A0 73 00 00 00 37 09 00 20 13 09 C9 03
01 44 26 04 13 04 14 00 36 04 13 04 34 00 B7 09
00 20 93 89 C9 0B 81 44 A6 04 93 84 14 00 B6 04
93 84 44 00 01 45 26 05 13 05 E5 01 36 05 13 05
15 00 37 0A 00 20 13 0A CA 03 81 45 A6 05 93 85
15 00 B6 05 93 85 55 00 B7 0A 00 20 93 8A CA 0B
5B 10 20 41 5B 10 80 00 5B 10 30 41 5B 10 90 00
5B 10 A0 00 5B 10 40 41 5B 10 B0 00 5B 10 50 41
5B 00 00 00 A1 0E 00 A0 15 05 08 80 A1 0E 00 80
15 05 08 80 15 04 08 90 A1 0E 00 90 15 05 08 80
A1 0E 00 80 73 00 00 00 01 44 26 04 13 04 14 00
36 04 13 04 64 00 81 44 A6 04 93 84 E4 01 B6 04
93 84 14 40 37 09 00 20 13 09 C9 03 01 45 26 05
13 05 15 00 36 05 13 05 75 00 B7 09 00 20 93 89
C9 0B 81 45 A6 05 93 85 15 00 B6 05 93 85 85 00
01 46 26 06 13 06 E6 01 36 06 13 06 26 00 37 0A
00 20 13 0A CA 03 81 46 A6 06 93 86 16 00 B6 06
93 86 96 00 B7 0A 00 20 93 8A CA 0B 5B 10 80 00
5B 10 90 00 5B 10 20 41 5B 10 A0 00 5B 10 30 41
5B 10 B0 00 5B 10 C0 00 5B 10 40 41 5B 10 D0 00
5B 10 50 41 5B 00 00 00 15 05 08 80 15 04 08 A0
A1 0E 00 A0 15 05 08 80 A1 0E 00 80 15 05 08 80
15 04 08 90 A1 0E 00 90 15 05 08 80 A1 0E 00 80
73 00 00 00 01 44 26 04 13 04 14 00 36 04 13 04
A4 00 81 44 A6 04 93 84 E4 01 B6 04 93 84 24 40
37 09 00 20 13 09 C9 03 01 45 26 05 13 05 15 00
36 05 13 05 B5 00 B7 09 00 20 93 89 C9 0B 81 45
A6 05 93 85 15 00 B6 05 93 85 C5 00 01 46 26 06
13 06 E6 01 36 06 13 06 06 02 37 0A 00 20 13 0A
CA 03 81 46 A6 06 93 86 16 00 B6 06 93 86 D6 00
B7 0A 00 20 93 8A CA 0B 5B 10 80 00 5B 10 90 00
5B 10 20 41 5B 10 A0 00 5B 10 30 41 5B 10 B0 00
5B 10 C0 00 5B 10 40 41 5B 10 D0 00 5B 10 50 41
5B 00 00 00 15 05 08 80 15 04 08 A0 A1 0E 00 A0
15 05 08 80 A1 0E 00 80 15 05 08 80 15 04 08 90
A1 0E 00 90 15 05 08 80 A1 0E 00 80 73 00 00 00
01 44 26 04 13 04 14 00 36 04 13 04 E4 00 81 44
A6 04 93 84 E4 01 B6 04 93 84 04 42 37 09 00 20
13 09 C9 03 01 45 26 05 13 05 15 00 36 05 13 05
F5 00 B7 09 00 20 93 89 C9 0B 81 45 A6 05 93 85
15 00 B6 05 93 85 05 01 01 46 26 06 13 06 E6 01
36 06 13 06 16 02 37 0A 00 20 13 0A CA 03 81 46
A6 06 93 86 16 00 B6 06 93 86 16 01 B7 0A 00 20
93 8A CA 0B 5B 10 80 00 5B 10 90 00 5B 10 20 41
5B 10 A0 00 5B 10 30 41 5B 10 B0 00 5B 10 C0 00
5B 10 40 41 5B 10 D0 00 5B 10 50 41 5B 00 00 00
15 05 08 80 15 04 08 A0 A1 0E 00 A0 15 05 08 80
A1 0E 00 80 15 05 08 80 15 04 08 90 A1 0E 00 90
15 05 08 80 A1 0E 00 80 73 00 00 00 01 44 26 04
13 04 14 00 36 04 13 04 24 01 81 44 A6 04 93 84
E4 01 B6 04 93 84 14 42 37 09 00 20 13 09 C9 03
01 45 26 05 13 05 15 00 36 05 13 05 35 01 B7 09
00 20 93 89 C9 0B 81 45 A6 05 93 85 15 00 B6 05
93 85 45 01 01 46 26 06 13 06 E6 01 36 06 13 06
26 02 37 0A 00 20 13 0A CA 03 81 46 A6 06 93 86
16 00 B6 06 93 86 56 01 B7 0A 00 20 93 8A CA 0B
5B 10 80 00 5B 10 90 00 5B 10 20 41 5B 10 A0 00
5B 10 30 41 5B 10 B0 00 5B 10 C0 00 5B 10 40 41
5B 10 D0 00 5B 10 50 41 5B 00 00 00 15 05 08 80
15 04 08 A0 A1 0E 00 A0 15 05 08 80 A1 0E 00 80
15 05 08 80 15 04 08 90 A1 0E 00 90 15 05 08 80
A1 0E 00 80 73 00 00 00 01 44 26 04 13 04 14 00
36 04 13 04 64 01 81 44 A6 04 93 84 E4 01 B6 04
93 84 24 42 37 09 00 20 13 09 C9 03 01 45 26 05
13 05 15 00 36 05 13 05 75 01 B7 09 00 20 93 89
C9 0B 81 45 A6 05 93 85 15 00 B6 05 93 85 85 01
01 46 26 06 13 06 E6 01 36 06 13 06 06 04 37 0A
00 20 13 0A CA 03 81 46 A6 06 93 86 16 00 B6 06
93 86 96 01 B7 0A 00 20 93 8A CA 0B 5B 10 80 00
5B 10 90 00 5B 10 20 41 5B 10 A0 00 5B 10 30 41
5B 10 B0 00 5B 10 C0 00 5B 10 40 41 5B 10 D0 00
5B 10 50 41 5B 00 00 00 15 05 08 80 15 04 08 A0
A1 0E 00 A0 15 05 08 80 A1 0E 00 80 15 05 08 80
15 04 08 90 A1 0E 00 90 15 05 08 80 A1 0E 00 80
73 00 00 00 01 44 26 04 13 04 14 00 36 04 13 04
A4 01 81 44 A6 04 93 84 E4 01 B6 04 93 84 04 44
37 09 00 20 13 09 C9 03 01 45 26 05 13 05 15 00
36 05 13 05 B5 01 B7 09 00 20 93 89 C9 0B 81 45
A6 05 93 85 15 00 B6 05 93 85 C5 01 01 46 26 06
13 06 E6 01 36 06 13 06 16 04 37 0A 00 20 13 0A
CA 03 81 46 A6 06 93 86 16 00 B6 06 93 86 D6 01
B7 0A 00 20 93 8A CA 0B 5B 10 80 00 5B 10 90 00
5B 10 20 41 5B 10 A0 00 5B 10 30 41 5B 10 B0 00
5B 10 C0 00 5B 10 40 41 5B 10 D0 00 5B 10 50 41
5B 00 00 00 15 05 08 80 15 04 08 A0 A1 0E 00 A0
15 05 08 80 A1 0E 00 80 15 05 08 80 15 04 08 90
A1 0E 00 90 15 05 08 80 A1 0E 00 80 73 00 00 00
01 44 26 04 13 04 14 00 36 04 13 04 E4 01 81 44
A6 04 93 84 E4 01 B6 04 93 84 14 44 37 09 00 20
13 09 C9 03 01 45 26 05 13 05 15 00 36 05 13 05
F5 01 B7 09 00 20 93 89 C9 0B 81 45 A6 05 93 85
15 00 B6 05 93 85 05 02 01 46 26 06 13 06 E6 01
36 06 13 06 26 04 37 0A 00 20 13 0A CA 03 81 46
A6 06 93 86 16 00 B6 06 93 86 16 02 B7 0A 00 20
93 8A CA 0B 5B 10 80 00 5B 10 90 00 5B 10 20 41
5B 10 A0 00 5B 10 30 41 5B 10 B0 00 5B 10 C0 00
5B 10 40 41 5B 10 D0 00 5B 10 50 41 5B 00 00 00
15 05 08 80 15 04 08 A0 A1 0E 00 A0 15 05 08 80
A1 0E 00 80 15 05 08 80 15 04 08 90 A1 0E 00 90
15 05 08 80 A1 0E 00 80 73 00 00 00 01 44 26 04
13 04 14 00 36 04 13 04 24 02 81 44 A6 04 93 84
E4 01 B6 04 93 84 24 44 37 09 00 20 13 09 C9 03
01 45 26 05 13 05 15 00 36 05 13 05 35 02 B7 09
00 20 93 89 C9 0B 13 0A 00 00 81 45 A6 05 93 85
15 00 B6 05 93 85 05 00 01 46 26 06 13 06 E6 01
36 06 13 06 06 02 B7 0A 40 20 93 8A CA 03 5B 10
80 00 5B 10 90 00 5B 10 20 41 5B 10 A0 00 5B 10
30 41 5B 10 40 41 5B 10 B0 00 5B 10 C0 00 5B 10
50 41 5B 00 00 00 15 05 08 80 15 04 08 A0 A1 0E
00 A0 15 05 08 80 A1 0E 00 B0 40 E0 01 00 CD 20
00 24 4D 21 40 24 CD 21 80 24 4D 22 C0 24 CD 22
00 25 4D 23 40 25 CD 23 80 25 4D 24 C0 25 CD 24
00 26 4D 25 40 26 CD 25 80 26 4D 26 C0 26 CD 26
00 27 4D 27 40 27 44 10 00 00 19 00 00 30 23 00
00 00 20 80 01 00 20 01 22 02 A0 41 04 00 20 02
00 00 A0 82 11 00 20 83 07 00 A0 E3 21 00 20 24
00 00 A1 5E 82 86 10 82 02 00 15 05 08 80 15 04
08 90 A1 0E 00 90 90 00 00 40 73 00 00 00 01 44
26 04 13 04 14 00 36 04 13 04 14 00 37 09 00 20
13 09 C9 0B 81 44 A6 04 93 84 14 00 B6 04 93 84
24 00 01 45 26 05 13 05 E5 01 36 05 13 05 05 42
B7 09 00 20 93 89 C9 03 81 45 A6 05 93 85 15 00
B6 05 93 85 35 00 37 0A 00 20 13 0A CA 0B 01 46
26 06 13 06 16 00 36 06 13 06 46 00 81 46 A6 06
93 86 E6 01 B6 06 93 86 16 02 B7 0A 00 20 93 8A
CA 03 5B 10 80 00 5B 10 20 41 5B 10 90 00 5B 10
A0 00 5B 10 30 41 5B 10 B0 00 5B 10 40 41 5B 10
C0 00 5B 10 D0 00 5B 10 50 41 5B 00 00 00 15 05
08 80 A1 0E 00 80 15 05 08 80 15 04 08 A0 A1 0E
00 A0 15 05 08 80 A1 0E 00 80 15 05 08 80 15 04
08 90 A1 0E 00 90 73 00 00 00 01 44 26 04 13 04
14 00 36 04 13 04 54 00 37 09 00 20 13 09 C9 0B
81 44 A6 04 93 84 14 00 B6 04 93 84 64 00 01 45
26 05 13 05 E5 01 36 05 13 05 15 42 B7 09 00 20
93 89 C9 03 81 45 A6 05 93 85 15 00 B6 05 93 85
75 00 37 0A 00 20 13 0A CA 0B 01 46 26 06 13 06
16 00 36 06 13 06 86 00 81 46 A6 06 93 86 E6 01
B6 06 93 86 26 02 B7 0A 00 20 93 8A CA 03 5B 10
80 00 5B 10 20 41 5B 10 90 00 5B 10 A0 00 5B 10
30 41 5B 10 B0 00 5B 10 40 41 5B 10 C0 00 5B 10
D0 00 5B 10 50 41 5B 00 00 00 15 05 08 80 A1 0E
00 80 15 05 08 80 15 04 08 A0 A1 0E 00 A0 15 05
08 80 A1 0E 00 80 15 05 08 80 15 04 08 90 A1 0E
00 90 73 00 00 00 01 44 26 04 13 04 14 00 36 04
13 04 94 00 37 09 00 20 13 09 C9 0B 81 44 A6 04
93 84 14 00 B6 04 93 84 A4 00 01 45 26 05 13 05
E5 01 36 05 13 05 25 42 B7 09 00 20 93 89 C9 03
81 45 A6 05 93 85 15 00 B6 05 93 85 B5 00 37 0A
00 20 13 0A CA 0B 01 46 26 06 13 06 16 00 36 06
13 06 C6 00 81 46 A6 06 93 86 E6 01 B6 06 93 86
06 04 B7 0A 00 20 93 8A CA 03 5B 10 80 00 5B 10
20 41 5B 10 90 00 5B 10 A0 00 5B 10 30 41 5B 10
B0 00 5B 10 40 41 5B 10 C0 00 5B 10 D0 00 5B 10
50 41 5B 00 00 00 15 05 08 80 A1 0E 00 80 15 05
08 80 15 04 08 A0 A1 0E 00 A0 15 05 08 80 A1 0E
00 80 15 05 08 80 15 04 08 90 A1 0E 00 90 73 00
00 00 01 44 26 04 13 04 14 00 36 04 13 04 D4 00
37 09 00 20 13 09 C9 0B 81 44 A6 04 93 84 14 00
B6 04 93 84 E4 00 01 45 26 05 13 05 E5 01 36 05
13 05 05 44 B7 09 00 20 93 89 C9 03 81 45 A6 05
93 85 15 00 B6 05 93 85 F5 00 37 0A 00 20 13 0A
CA 0B 01 46 26 06 13 06 16 00 36 06 13 06 06 01
81 46 A6 06 93 86 E6 01 B6 06 93 86 16 04 B7 0A
00 20 93 8A CA 03 5B 10 80 00 5B 10 20 41 5B 10
90 00 5B 10 A0 00 5B 10 30 41 5B 10 B0 00 5B 10
40 41 5B 10 C0 00 5B 10 D0 00 5B 10 50 41 5B 00
00 00 15 05 08 80 A1 0E 00 80 15 05 08 80 15 04
08 A0 A1 0E 00 A0 15 05 08 80 A1 0E 00 80 15 05
08 80 15 04 08 90 A1 0E 00 90 73 00 00 00 01 44
26 04 13 04 14 00 36 04 13 04 14 01 37 09 00 20
13 09 C9 0B 81 44 A6 04 93 84 14 00 B6 04 93 84
24 01 01 45 26 05 13 05 E5 01 36 05 13 05 15 44
B7 09 00 20 93 89 C9 03 81 45 A6 05 93 85 15 00
B6 05 93 85 35 01 37 0A 00 20 13 0A CA 0B 01 46
26 06 13 06 16 00 36 06 13 06 46 01 81 46 A6 06
93 86 E6 01 B6 06 93 86 26 04 B7 0A 00 20 93 8A
CA 03 5B 10 80 00 5B 10 20 41 5B 10 90 00 5B 10
A0 00 5B 10 30 41 5B 10 B0 00 5B 10 40 41 5B 10
C0 00 5B 10 D0 00 5B 10 50 41 5B 00 00 00 15 05
08 80 A1 0E 00 80 15 05 08 80 15 04 08 A0 A1 0E
00 A0 15 05 08 80 A1 0E 00 80 15 05 08 80 15 04
08 90 A1 0E 00 90 73 00 00 00 01 44 26 04 13 04
14 00 36 04 13 04 54 01 37 09 00 20 13 09 C9 0B
81 44 A6 04 93 84 14 00 B6 04 93 84 64 01 01 45
26 05 13 05 E5 01 36 05 13 05 25 44 B7 09 00 20
93 89 C9 03 81 45 A6 05 93 85 15 00 B6 05 93 85
75 01 37 0A 00 20 13 0A CA 0B 01 46 26 06 13 06
16 00 36 06 13 06 86 01 81 46 A6 06 93 86 E6 01
B6 06 93 86 06 06 B7 0A 00 20 93 8A CA 03 5B 10
80 00 5B 10 20 41 5B 10 90 00 5B 10 A0 00 5B 10
30 41 5B 10 B0 00 5B 10 40 41 5B 10 C0 00 5B 10
D0 00 5B 10 50 41 5B 00 00 00 15 05 08 80 A1 0E
00 80 15 05 08 80 15 04 08 A0 A1 0E 00 A0 15 05
08 80 A1 0E 00 80 15 05 08 80 15 04 08 90 A1 0E
00 90 73 00 00 00 01 44 26 04 13 04 14 00 36 04
13 04 94 01 37 09 00 20 13 09 C9 0B 81 44 A6 04
93 84 14 00 B6 04 93 84 A4 01 01 45 26 05 13 05
E5 01 36 05 13 05 05 46 B7 09 00 20 93 89 C9 03
81 45 A6 05 93 85 15 00 B6 05 93 85 B5 01 37 0A
00 20 13 0A CA 0B 01 46 26 06 13 06 16 00 36 06
13 06 C6 01 81 46 A6 06 93 86 E6 01 B6 06 93 86
16 06 B7 0A 00 20 93 8A CA 03 5B 10 80 00 5B 10
20 41 5B 10 90 00 5B 10 A0 00 5B 10 30 41 5B 10
B0 00 5B 10 40 41 5B 10 C0 00 5B 10 D0 00 5B 10
50 41 5B 00 00 00 15 05 08 80 A1 0E 00 80 15 05
08 80 15 04 08 A0 A1 0E 00 A0 15 05 08 80 A1 0E
00 80 15 05 08 80 15 04 08 90 A1 0E 00 90 73 00
00 00 01 44 26 04 13 04 14 00 36 04 13 04 D4 01
37 09 00 20 13 09 C9 0B 81 44 A6 04 93 84 14 00
B6 04 93 84 E4 01 01 45 26 05 13 05 E5 01 36 05
13 05 15 46 B7 09 00 20 93 89 C9 03 81 45 A6 05
93 85 15 00 B6 05 93 85 F5 01 37 0A 00 20 13 0A
CA 0B 01 46 26 06 13 06 16 00 36 06 13 06 06 02
81 46 A6 06 93 86 E6 01 B6 06 93 86 26 06 B7 0A
00 20 93 8A CA 03 5B 10 80 00 5B 10 20 41 5B 10
90 00 5B 10 A0 00 5B 10 30 41 5B 10 B0 00 5B 10
40 41 5B 10 C0 00 5B 10 D0 00 5B 10 50 41 5B 00
00 00 15 05 08 80 A1 0E 00 80 15 05 08 80 15 04
08 A0 A1 0E 00 A0 15 05 08 80 A1 0E 00 80 15 05
08 80 15 04 08 90 A1 0E 00 90 73 00 00 00 01 44
26 04 13 04 14 00 36 04 13 04 14 02 37 09 00 20
13 09 C9 0B 81 44 A6 04 93 84 14 00 B6 04 93 84
24 02 01 45 26 05 13 05 E5 01 36 05 13 05 25 46
B7 09 00 20 93 89 C9 03 81 45 A6 05 93 85 15 00
B6 05 93 85 35 02 37 0A 00 20 13 0A CA 0B 93 0A
F0 00 5B 10 80 00 5B 10 20 41 5B 10 90 00 5B 10
A0 00 5B 10 30 41 5B 10 B0 00 5B 10 40 41 5B 10
50 41 5B 00 00 00 15 05 08 80 A1 0E 00 80 15 05
08 80 15 04 08 A0 A1 0E 00 A0 15 05 08 80 A1 0E
00 80 21 04 00 08 A1 5E 82 86 73 00 00 00 13 09
00 10 93 09 00 00 13 0A 00 10 5B 10 20 41 5B 10
30 41 5B 10 40 41 5B 00 00 00 20 A0 01 00 20 01
00 00 A0 01 06 00 A0 E3 21 00 20 24 00 00 20 45
E0 01 A0 E5 01 00 20 46 7E 00 23 12 02 84 23 12
0E 88 20 00 01 00 20 E5 21 00 A0 25 00 00 20 06
00 00 12 00 00 20 12 00 00 21 12 00 00 22 12 00
00 23 12 00 00 25 12 00 00 27 12 00 00 28 12 01
00 29 12 01 00 2A 12 00 00 2B 12 00 00 2C 12 04
00 2D 12 02 00 2E 12 00 00 2F 12 0E 00 30 13 00
00 00 A3 07 0E 88 17 00 00 08 19 00 00 00 19 00
00 00 19 00 00 00 19 00 00 00 19 00 00 00 19 00
00 00 19 00 00 00 19 00 00 00 12 00 00 40 12 00
00 41 12 00 00 42 12 00 00 43 12 00 00 44 12 00
00 45 12 00 00 46 12 00 00 47 12 00 00 48 12 00
00 49 12 00 00 4A 12 01 00 4B 12 00 00 4C 12 00
00 4D 12 00 00 4E 12 0E 00 4F 12 00 00 50 12 11
00 51 12 00 00 52 12 00 00 53 17 00 00 04 17 00
00 08 19 00 00 00 19 00 00 00 19 00 00 00 19 00
00 00 19 00 00 00 19 00 00 00 19 00 00 00 19 00
00 00 73 00 00 00 73 00 50 10
