5B 00 00 00 5B 00 00 00 5B 00 00 00 5B 00 00 00
12 00 00 00 12 00 00 02 12 00 00 04 12 00 00 06
12 00 00 08 12 00 00 0A 12 00 00 0C 12 00 00 0E
12 00 00 10 12 00 00 12 12 00 00 14 92 00 00 16
12 00 00 18 12 00 00 1A 12 00 00 1C 92 1F 01 1E
12 00 00 20 92 1F 01 22 12 00 00 24 12 00 00 26
12 00 00 28 12 00 00 2A 12 00 00 3A 12 20 01 0C
12 20 00 1E 12 20 00 22 92 00 00 04 12 00 00 0C
12 28 00 0E 92 13 00 22 12 CF 01 26 12 80 01 28
92 00 00 2A 92 00 00 3A 12 50 00 3C 92 08 00 3C
12 B0 04 0C 12 D8 04 0E 12 05 00 3C 12 30 07 0C
12 58 07 0E 12 B0 09 0C 12 D8 09 0E 12 30 0C 0C
12 58 0C 0E 12 B0 0E 0C 12 D8 0E 0E 92 04 00 3C
17 00 00 08 12 00 00 00 12 00 00 02 12 00 00 04
12 00 00 06 12 00 00 08 12 00 00 0A 12 00 00 0C
12 00 00 0E 12 00 00 10 12 00 00 12 12 00 00 14
92 00 00 16 12 00 00 18 12 00 00 1A 12 00 00 1C
92 1F 01 1E 12 00 00 20 92 1F 01 22 12 00 00 24
12 4A 00 26 92 2A 00 28 12 00 00 2A 12 00 00 3A
12 20 01 0C 12 20 00 1E 12 20 00 22 12 00 00 04
12 00 00 0C 12 28 00 0E 92 13 00 22 12 00 00 26
12 00 00 28 92 00 00 2A 92 00 00 3A 12 50 00 3C
92 08 00 3C 12 B0 04 0C 12 D8 04 0E 12 05 00 3C
12 30 07 0C 12 58 07 0E 12 B0 09 0C 12 D8 09 0E
12 30 0C 0C 12 58 0C 0E 12 B0 0E 0C 12 D8 0E 0E
92 04 00 3C 17 00 00 08 12 00 00 00 12 00 00 02
12 00 00 04 12 00 00 06 12 00 00 08 12 00 00 0A
12 00 00 0C 12 00 00 0E 12 00 00 10 12 00 00 12
12 00 00 14 92 00 00 16 12 00 00 18 12 00 00 1A
12 00 00 1C 92 1F 01 1E 12 00 00 20 92 1F 01 22
12 00 00 24 92 EA 02 26 12 55 00 28 12 00 00 2A
12 00 00 3A 12 20 01 0C 12 20 00 1E 12 20 00 22
12 00 00 04 12 00 00 0C 92 4F 05 1E 92 4F 05 22
12 00 00 26 12 00 00 28 92 00 00 2A 12 B0 04 0C
12 D8 04 0E 12 05 00 3C 12 30 07 0C 12 58 07 0E
12 B0 09 0C 12 D8 09 0E 12 30 0C 0C 12 58 0C 0E
12 B0 0E 0C 12 D8 0E 0E 92 04 00 3C 17 00 00 08
12 00 00 00 12 00 00 02 12 00 00 04 12 00 00 06
12 00 00 08 12 00 00 0A 12 00 00 0C 12 00 00 0E
12 00 00 10 12 00 00 12 12 00 00 14 92 00 00 16
12 00 00 18 12 00 00 1A 12 00 00 1C 92 1F 01 1E
12 00 00 20 92 1F 01 22 12 00 00 24 12 00 00 26
12 00 00 28 12 00 00 2A 12 00 00 3A 12 20 01 0C
12 20 00 1E 12 20 00 22 92 00 00 04 12 00 00 0C
12 28 00 0E 92 13 00 22 12 3C 07 26 12 80 01 28
92 00 00 2A 92 00 00 3A 12 50 00 3C 92 08 00 3C
12 B0 04 0C 12 D8 04 0E 12 05 00 3C 12 30 07 0C
12 58 07 0E 12 B0 09 0C 12 D8 09 0E 17 00 00 08
