5B 00 00 00 73 00 00 00 12 00 00 60 12 00 00 61
12 00 00 62 12 00 00 63 12 00 00 64 12 00 00 65
12 00 00 66 12 00 00 67 12 00 00 68 12 00 00 69
12 00 00 6A 12 00 00 6B 12 01 00 6C 12 00 00 6D
12 00 00 6E 12 00 00 6F 12 27 00 70 12 00 00 71
12 1F 03 72 12 00 00 73 12 00 00 74 12 00 00 75
12 00 00 76 12 27 00 77 12 41 01 78 12 0A 00 79
12 50 00 7A 17 00 00 06 17 00 00 08 19 01 00 00
19 01 00 00 19 01 00 00 19 01 00 00 19 01 00 00
19 01 00 00 19 01 00 00 12 00 00 60 12 00 00 61
12 00 00 62 12 00 00 63 12 00 00 64 12 1F 03 65
12 00 00 66 12 28 00 67 12 00 00 68 12 00 00 69
12 00 00 6A 12 00 00 6B 12 01 00 6C 12 00 00 6D
12 00 00 6E 12 00 00 6F 12 27 00 70 12 00 00 71
12 1F 03 72 12 00 00 73 12 00 00 74 12 00 00 75
12 00 00 76 12 27 00 77 12 41 01 78 12 0A 00 79
12 78 00 7A 17 00 00 06 17 00 00 08 19 01 00 00
19 01 00 00 19 01 00 00 19 01 00 00 19 01 00 00
19 01 00 00 19 01 00 00 73 00 00 00 73 00 50 10
