00 00 00 00 00 00 00 00 00 00 00 00 00 00 00 00
00 00 00 00 00 00 00 00 00 00 00 00 00 00 00 00
00 00 00 00 00 00 00 00 00 00 00 00 00 00 00 00
00 00 00 00 00 00 00 00 00 00 00 00 00 00 00 00
00 00 00 00 00 00 00 00 00 00 00 00 00 00 00 00
00 00 00 00 00 00 00 00 00 00 00 00 00 00 00 00
00 00 00 00 70 00 00 00 03 00 01 00 00 00 00 00
5B 00 00 00 12 00 00 C0 12 00 00 C2 12 00 00 C4
12 00 00 C6 12 00 00 C8 12 00 00 CA 12 00 00 CC
12 00 01 CE 12 00 00 D0 12 00 00 D2 12 00 00 D4
12 00 00 D6 92 00 00 D8 12 00 00 DA 12 00 00 DC
12 00 00 DE 92 08 00 E0 12 00 00 E2 92 08 00 E4
12 00 00 E6 12 00 00 E8 12 00 00 EA 12 00 00 EC
17 00 00 16 17 00 00 18 12 09 01 CE 92 02 00 E4
92 00 00 EC 17 00 00 16 17 00 00 18 12 00 00 80
12 00 00 82 12 00 00 84 12 00 00 86 12 00 00 88
12 00 00 8A 12 00 01 8C 12 00 00 8E 12 00 00 90
12 00 00 92 12 00 00 94 92 00 00 96 12 00 00 98
12 00 00 9A 12 00 00 9C 92 08 00 9E 12 00 00 A0
92 08 00 A2 12 00 00 A4 12 00 00 A6 17 00 00 14
17 00 00 18 12 09 01 8C 92 02 00 A2 92 00 00 A6
17 00 00 14 17 00 00 18 73 00 50 10
