00 00 00 00 00 00 00 00 00 00 00 00 00 00 00 00
00 00 00 00 00 00 00 00 00 00 00 00 00 00 00 00
00 00 00 00 00 00 00 00 00 00 00 00 00 00 00 00
00 00 00 00 00 00 00 00 00 00 00 00 00 00 00 00
00 00 00 00 00 00 00 00 00 00 00 00 00 00 00 00
00 00 00 00 00 00 00 00 00 00 00 00 00 00 00 00
00 00 00 00 80 20 00 00 03 00 01 00 00 00 00 00
12 00 00 C0 12 00 00 C2 12 00 00 C4 12 00 00 C6
92 00 00 C8 12 00 00 CA 12 00 08 CC 12 00 01 CE
12 00 00 D0 12 00 00 D2 12 00 00 D4 12 00 00 D6
92 00 00 D8 12 00 00 DA 12 00 00 DC 12 00 00 DE
92 08 00 E0 92 01 00 E2 12 01 00 E4 12 01 00 E6
12 00 00 E8 12 00 00 EA 12 00 00 EC 17 00 00 16
12 00 00 00 12 00 00 02 12 00 00 04 92 00 00 06
92 00 00 08 12 00 00 0A 12 00 00 0C 12 00 08 0E
12 00 00 10 12 00 00 12 12 00 00 14 92 00 00 16
12 00 00 18 12 00 00 1A 12 00 00 1C 92 08 00 1E
92 01 00 20 12 01 00 22 12 01 00 24 12 00 00 26
12 00 00 28 12 00 00 2A 12 01 00 2C 12 01 00 2E
12 02 00 30 12 02 00 32 12 01 00 34 92 01 00 36
12 00 00 38 12 00 00 3A 92 00 00 3C 17 00 00 18
