13 01 01 F2 23 2E 11 0C 23 2C 81 0C 13 04 01 0E
13 05 00 00 23 2A A4 FE 93 05 50 02 23 28 B4 FE
23 26 B4 FE 5B 00 00 00 12 01 00 3F 73 00 00 00
F3 25 40 F1 23 24 B4 FE 93 05 10 00 23 22 B4 FE
23 20 B4 FE 23 2E B4 FC 93 05 00 01 23 2C B4 FC
23 2A B4 FC 23 28 B4 FC 23 26 A4 FC 93 05 00 02
23 24 B4 FC 93 05 20 00 23 22 B4 FC 13 06 40 00
23 20 C4 FC 23 2E A4 FA 23 2C B4 FA 83 25 44 FC
93 95 D5 00 03 26 C4 FB B3 85 C5 00 23 2A B4 FA
83 25 04 FC 93 95 D5 00 03 26 84 FB B3 85 C5 00
23 28 B4 FA 83 25 C4 FC 03 26 44 FB 83 26 84 FC
03 27 04 FB 5B 10 B0 00 5B 10 C0 00 5B 10 D0 00
5B 10 E0 00 5B 00 00 00 22 20 01 40 10 62 00 00
90 00 00 40 12 01 00 02 12 00 00 03 12 00 00 04
12 00 00 86 12 01 00 0B 12 1F 00 0F 12 00 00 10
12 1F 00 11 12 40 00 13 12 03 00 14 12 01 00 15
91 FD 83 80 17 00 00 08 12 00 00 86 12 3F 00 0F
12 3F 00 11 91 F5 83 80 17 00 00 08 40 40 04 00
CD 20 00 02 4D 21 40 02 CD 21 80 02 4D 22 C0 02
CD 22 00 03 4D 23 40 03 CD 23 80 03 4D 24 C0 03
CD 24 00 04 4D 25 40 04 CD 25 80 04 4D 26 C0 04
CD 26 00 05 4D 27 40 05 CD 27 80 05 4D 28 C0 05
44 10 00 00 19 00 00 30 23 00 00 30 20 00 00 00
21 00 00 48 19 00 00 40 73 00 00 00 23 22 A4 FA
6F 00 40 00 03 25 44 FA 83 25 C4 FD 63 54 B5 44
6F 00 40 00 03 25 44 FA 93 15 25 00 13 05 44 FD
33 05 B5 00 03 25 05 00 23 20 A4 FA 03 25 04 FA
13 15 55 00 13 05 F5 FF 23 2E A4 F8 03 25 04 FA
23 2C A4 F8 13 05 00 00 23 2A A4 F8 83 25 44 F9
93 95 F5 00 93 D5 C5 01 23 26 B4 FA 83 25 44 F9
93 95 35 01 93 D5 35 01 23 24 B4 FA 83 25 84 F9
93 95 D5 00 23 28 B4 F8 83 25 C4 FA 03 26 84 FA
83 26 C4 F9 03 27 04 F9 5B 10 B0 00 5B 10 C0 00
5B 10 D0 00 5B 10 D0 00 5B 10 E0 00 5B 00 00 00
12 00 00 02 12 00 00 85 12 00 00 86 12 00 00 8F
12 00 00 91 12 00 00 13 12 00 00 14 12 00 00 15
91 04 00 81 73 00 00 00 83 25 44 FA 13 96 25 00
93 05 04 FD B3 85 C5 00 83 A5 05 00 23 26 B4 F8
93 05 00 01 23 24 B4 F8 23 22 A4 F8 6F 00 40 00
03 25 44 F8 83 25 C4 F8 03 26 84 F8 B3 C5 C5 02
63 50 B5 34 6F 00 40 00 13 05 00 00 23 20 A4 F8
6F 00 40 00 03 25 04 F8 83 25 84 F8 63 54 B5 20
6F 00 40 00 13 05 00 00 23 2E A4 F6 6F 00 40 00
83 25 C4 F7 13 05 00 00 63 4C B5 1C 6F 00 40 00
03 25 44 F8 83 25 84 F8 33 05 B5 02 83 25 04 F8
33 05 B5 00 23 2C A4 F6 03 25 C4 F7 13 15 55 00
23 2A A4 F6 13 05 10 00 23 28 A4 F6 13 05 00 02
23 26 A4 F6 13 05 00 00 23 24 A4 F6 23 22 A4 F6
23 20 A4 F6 6F 00 40 00 83 25 04 F6 13 05 10 00
63 46 B5 12 6F 00 40 00 13 05 10 00 23 2E A4 F4
03 25 C4 F6 23 2C A4 F4 03 25 04 F6 23 2A A4 F4
03 25 C4 F5 13 15 D5 00 83 25 44 F5 33 05 B5 00
23 28 A4 F4 03 25 04 F6 93 55 F5 01 B3 05 B5 00
93 F5 E5 FF 33 05 B5 40 23 26 A4 F4 03 25 04 FF
13 15 85 01 83 25 04 F7 93 95 75 01 33 05 B5 00
83 25 C4 F4 93 95 65 01 33 05 B5 00 83 25 84 F6
93 95 05 01 33 05 B5 00 83 25 44 F6 93 95 C5 00
33 05 B5 00 83 25 C4 F6 93 95 15 00 33 05 B5 00
23 24 A4 F4 13 05 00 00 23 28 A4 F6 03 25 04 F5
83 25 84 F4 5B 10 A0 00 5B 10 B0 40 5B 00 00 00
15 05 08 80 73 00 00 00 03 25 C4 F4 63 16 05 04
6F 00 40 00 03 25 84 F7 13 15 55 00 83 25 44 F7
33 05 B5 00 23 22 A4 F4 03 25 84 F5 13 15 D5 00
83 25 44 F4 33 05 B5 00 23 20 A4 F4 03 25 04 F4
5B 10 A0 00 5B 00 00 00 15 04 08 A0 A1 0F 00 A0
73 00 00 00 6F 00 40 01 5B 00 00 00 A1 0F 00 80
73 00 00 00 6F 00 40 00 6F 00 40 00 03 25 04 F6
13 05 15 00 23 20 A4 F6 6F F0 1F ED 03 25 04 F8
13 15 55 00 23 2E A4 F2 03 25 C4 F3 5B 10 A0 40
5B 00 00 00 20 00 03 00 A0 00 00 00 20 01 22 00
A0 01 10 00 A0 03 24 00 20 24 00 00 A0 47 09 00
21 05 00 08 A1 5F 82 86 73 00 00 00 6F 00 40 00
03 25 C4 F7 13 05 15 00 23 2E A4 F6 6F F0 5F E2
6F 00 40 00 03 25 04 F8 13 05 15 00 23 20 A4 F8
6F F0 5F DF 13 05 00 00 23 2C A4 F2 93 05 10 00
23 2A B4 F2 03 25 84 FE 63 1A B5 00 6F 00 40 00
13 05 10 00 23 2C A4 F2 6F 00 40 00 03 25 44 F3
13 15 45 00 83 25 84 F3 93 F5 F5 00 33 65 B5 00
23 28 A4 F2 03 25 84 FE 83 25 84 FD 33 05 B5 02
13 15 55 00 23 26 A4 F2 13 05 00 00 23 24 A4 F2
83 25 C4 F2 93 95 35 01 93 D5 35 01 23 22 B4 F2
23 20 A4 F2 03 25 04 F3 83 25 84 F2 03 26 44 F2
83 26 04 F2 5B 10 A0 00 5B 10 B0 00 5B 10 C0 00
5B 10 D0 40 5B 00 00 00 20 00 02 00 20 05 04 02
A0 25 00 00 20 26 00 00 12 01 00 20 12 00 00 A1
12 01 00 22 12 00 00 23 12 00 00 A4 12 00 00 A5
12 01 00 2A 12 FF 01 2E 12 00 00 2F 12 FF 01 30
13 00 00 00 A3 06 1D 88 17 00 00 08 19 00 00 00
19 00 00 00 19 00 00 00 19 00 00 00 19 00 00 00
19 00 00 00 19 00 00 00 19 00 00 00 19 00 00 00
19 00 00 00 19 00 00 00 73 00 00 00 6F 00 40 00
03 25 44 F8 13 05 15 00 23 22 A4 F8 6F F0 5F CB
6F 00 40 00 03 25 44 FA 13 05 15 00 23 22 A4 FA
6F F0 5F BB 73 00 50 10 13 01 01 F0 23 2E 11 0E
23 2C 81 0E 13 04 01 10 13 05 00 00 23 2A A4 FE
93 05 50 02 23 28 B4 FE 23 26 B4 FE 5B 00 00 00
12 01 00 3F 73 00 00 00 F3 25 40 F1 23 24 B4 FE
93 05 30 00 23 22 B4 FE 23 20 B4 FE 93 05 10 00
23 2E B4 FC 93 05 00 01 23 2C B4 FC 13 06 10 01
23 2A C4 FC 23 28 B4 FC 23 26 A4 FC 93 05 00 12
23 24 B4 FC 93 05 20 01 23 22 B4 FC 13 06 40 00
23 20 C4 FC 23 2E A4 FA 23 2C B4 FA 83 25 44 FC
93 95 D5 00 03 26 C4 FB B3 85 C5 00 23 2A B4 FA
83 25 04 FC 93 95 D5 00 03 26 84 FB B3 85 C5 00
23 28 B4 FA 83 25 C4 FC 03 26 44 FB 83 26 84 FC
03 27 04 FB 5B 10 B0 00 5B 10 C0 00 5B 10 D0 00
5B 10 E0 00 5B 00 00 00 22 20 01 40 10 62 01 00
90 00 00 40 12 01 00 02 12 00 00 03 12 00 00 04
12 00 00 86 12 01 00 0B 12 1F 01 0F 12 00 00 10
12 1F 01 11 12 40 00 13 12 03 00 14 12 01 00 15
91 BD 83 80 17 00 00 08 12 00 00 86 12 3F 00 0F
12 3F 00 11 91 F5 83 80 17 00 00 08 40 40 04 00
CD 20 00 12 4D 21 40 12 CD 21 80 12 4D 22 C0 12
CD 22 00 13 4D 23 40 13 CD 23 80 13 4D 24 C0 13
CD 24 00 14 4D 25 40 14 CD 25 80 14 4D 26 C0 14
CD 26 00 15 4D 27 40 15 CD 27 80 15 4D 28 C0 15
44 10 00 00 19 00 00 30 23 00 00 30 20 00 00 00
21 00 00 48 19 00 00 40 73 00 00 00 23 22 A4 FA
23 20 A4 FA 6F 00 40 00 03 25 04 FA 83 25 C4 FD
63 58 B5 66 6F 00 40 00 03 25 04 FA 93 15 25 00
13 05 44 FD 33 05 B5 00 03 25 05 00 23 2E A4 F8
03 25 C4 F9 13 15 55 00 13 05 F5 FF 23 2C A4 F8
03 25 C4 F9 23 2A A4 F8 13 05 00 00 23 28 A4 F8
03 25 84 FE 93 05 10 00 63 1A B5 00 6F 00 40 00
13 05 00 1E 23 28 A4 F8 6F 00 40 00 13 05 00 00
23 26 A4 FA 83 25 04 F9 93 95 35 01 93 D5 35 01
23 24 B4 FA 83 25 44 F9 93 95 D5 00 23 26 B4 F8
23 24 A4 F8 93 05 10 00 23 22 B4 F8 03 25 84 FE
63 1A B5 00 6F 00 40 00 13 05 10 00 23 24 A4 F8
6F 00 40 00 03 25 44 F8 13 15 45 00 83 25 84 F8
93 F5 F5 00 33 65 B5 00 23 20 A4 F8 03 25 04 F8
83 25 C4 FA 03 26 84 FA 83 26 84 F9 03 27 C4 F8
5B 10 A0 00 5B 10 B0 00 5B 10 C0 00 5B 10 D0 00
5B 10 D0 00 5B 10 E0 00 5B 00 00 00 12 01 00 00
12 00 00 81 12 00 00 02 12 01 00 03 12 00 00 85
12 00 00 86 12 00 00 8F 12 00 00 91 12 00 00 15
91 04 00 81 73 00 00 00 03 25 04 FA 93 15 25 00
13 05 04 FD 33 05 B5 00 03 25 05 00 23 2E A4 F6
13 05 40 00 23 2C A4 F6 13 05 00 00 23 2A A4 F6
6F 00 40 00 03 25 44 F7 83 25 C4 F7 03 26 84 F7
B3 C5 C5 02 63 54 B5 50 6F 00 40 00 13 05 00 00
23 28 A4 F6 6F 00 40 00 03 25 04 F7 83 25 84 F7
63 52 B5 40 6F 00 40 00 13 05 00 00 23 26 A4 F6
03 25 04 FE 23 24 A4 F6 03 25 84 FE 63 1C 05 02
6F 00 40 00 03 25 04 FA 63 16 05 02 6F 00 40 00
03 25 44 F7 63 10 05 02 6F 00 40 00 03 25 04 F7
63 1A 05 00 6F 00 40 00 13 05 10 00 23 26 A4 F6
6F 00 40 00 03 25 84 FE 63 1E 05 04 6F 00 40 00
03 25 04 FA 83 25 C4 FD 93 85 F5 FF 63 14 B5 04
6F 00 40 00 03 25 44 F7 83 25 C4 F7 03 26 84 F7
B3 C5 C5 02 93 85 F5 FF 63 16 B5 02 6F 00 40 00
03 25 04 F7 83 25 84 F7 93 85 F5 FF 63 1C B5 00
6F 00 40 00 03 25 04 FE 13 05 F5 FF 23 24 A4 F6
6F 00 40 00 13 05 00 00 23 22 A4 F6 6F 00 40 00
83 25 44 F6 13 05 00 00 63 44 B5 32 6F 00 40 00
03 25 44 F7 83 25 84 F7 33 05 B5 02 83 25 04 F7
33 05 B5 00 13 05 15 00 23 20 A4 F6 03 25 44 F6
13 15 55 00 23 2E A4 F4 03 25 04 FA 63 12 05 02
6F 00 40 00 03 25 44 F7 83 25 84 F7 33 05 B5 02
83 25 04 F7 33 05 B5 00 23 20 A4 F6 6F 00 40 00
13 05 10 00 23 2C A4 F4 03 25 C4 F6 23 2A A4 F4
6F 00 40 00 03 25 44 F5 83 25 84 F6 63 50 B5 26
6F 00 40 00 13 05 00 00 23 28 A4 F4 6F 00 40 00
03 25 04 F5 83 25 44 FE 63 58 B5 22 6F 00 40 00
13 05 00 02 23 26 A4 F4 13 05 00 00 23 24 A4 F4
23 22 A4 F4 83 25 04 F6 03 25 44 F5 33 05 B5 00
13 05 F5 FF 23 20 A4 F4 83 25 C4 F5 03 25 04 F5
33 05 B5 00 13 05 F5 FF 23 2E A4 F2 03 25 44 F6
63 1C 05 02 6F 00 40 00 03 25 04 F5 63 16 05 02
6F 00 40 00 13 05 F0 01 23 26 A4 F4 13 05 10 00
23 22 A4 F4 23 24 A4 F4 03 25 C4 F3 13 05 15 00
23 2E A4 F2 6F 00 40 00 03 25 44 F6 63 1C 05 02
6F 00 40 00 03 25 04 F5 83 25 44 FE 93 85 F5 FF
63 12 B5 02 6F 00 40 00 13 05 F0 01 23 26 A4 F4
13 05 10 00 23 22 A4 F4 13 05 00 00 23 24 A4 F4
6F 00 40 00 13 05 00 00 23 2C A4 F2 6F 00 40 00
83 25 84 F3 13 05 10 00 63 46 B5 14 6F 00 40 00
13 05 10 00 23 2A A4 F2 03 25 C4 F4 23 28 A4 F2
03 25 44 F5 83 25 44 FE 33 05 B5 02 83 25 04 F5
33 05 B5 00 13 15 55 00 13 55 45 40 83 25 84 F3
33 05 B5 00 23 26 A4 F2 03 25 44 F3 13 15 D5 00
83 25 C4 F2 33 05 B5 00 23 24 A4 F2 03 25 84 F3
93 55 F5 01 B3 05 B5 00 93 F5 E5 FF 33 05 B5 40
23 22 A4 F2 03 25 04 FF 13 15 85 01 83 25 84 F5
93 95 75 01 33 05 B5 00 83 25 44 F2 93 95 65 01
33 05 B5 00 83 25 84 F4 93 95 05 01 33 05 B5 00
83 25 44 F4 93 95 C5 00 33 05 B5 00 83 25 C4 F4
93 95 15 00 33 05 B5 00 23 20 A4 F2 13 05 00 00
23 2C A4 F4 03 25 84 F2 83 25 04 F2 5B 10 A0 00
5B 10 B0 40 5B 00 00 00 15 05 08 80 73 00 00 00
03 25 44 F2 63 16 05 04 6F 00 40 00 03 25 04 F4
13 15 55 00 83 25 C4 F3 33 05 B5 00 23 2E A4 F0
03 25 04 F3 13 15 D5 00 83 25 C4 F1 33 05 B5 00
23 2C A4 F0 03 25 84 F1 5B 10 A0 00 5B 00 00 00
15 04 08 A0 A1 0F 00 A0 73 00 00 00 6F 00 40 01
5B 00 00 00 A1 0F 00 80 73 00 00 00 6F 00 40 00
6F 00 40 00 03 25 84 F3 13 05 15 00 23 2C A4 F2
6F F0 1F EB 6F 00 40 00 03 25 04 F5 13 05 15 00
23 28 A4 F4 6F F0 DF DC 6F 00 40 00 03 25 44 F5
13 05 15 00 23 2A A4 F4 6F F0 DF D9 03 25 04 F7
13 15 75 00 23 2A A4 F0 03 25 44 F1 5B 10 A0 40
5B 00 00 00 20 00 03 00 A0 00 00 00 20 01 22 00
A0 01 10 00 A0 03 24 00 20 84 00 00 A0 C7 09 00
21 05 00 08 A1 5F 02 86 73 00 00 00 6F 00 40 00
03 25 44 F6 13 05 15 00 23 22 A4 F6 6F F0 5F CD
6F 00 40 00 03 25 04 F7 13 05 15 00 23 28 A4 F6
6F F0 9F BF 03 25 44 FA 13 15 75 00 23 28 A4 F0
13 05 00 00 23 26 A4 F0 03 25 04 F1 13 15 F5 00
13 55 C5 01 23 24 A4 F0 03 25 04 F1 13 15 35 01
13 55 35 01 23 22 A4 F0 03 25 84 F0 83 25 44 F0
03 26 C4 F0 5B 10 A0 00 5B 10 B0 00 5B 10 C0 40
5B 00 00 00 20 00 02 00 20 05 04 02 A0 25 00 00
20 26 00 00 12 00 00 20 12 00 00 21 12 00 00 22
12 00 00 23 12 00 00 A4 12 00 00 A5 12 01 00 2A
12 FF 01 2E 12 00 00 2F 12 FF 01 30 13 00 00 00
A3 06 1D 88 17 00 00 08 19 00 00 00 19 00 00 00
19 00 00 00 19 00 00 00 19 00 00 00 19 00 00 00
19 00 00 00 19 00 00 00 19 00 00 00 19 00 00 00
19 00 00 00 73 00 00 00 83 25 84 F7 03 25 44 FA
33 05 B5 00 23 22 A4 FA 6F 00 40 00 03 25 44 F7
13 05 15 00 23 2A A4 F6 6F F0 DF AE 6F 00 40 00
03 25 04 FA 13 05 15 00 23 20 A4 FA 6F F0 DF 98
73 00 50 10
