00 40 00 80 00 40 00 80 00 40 00 80 00 40 00 80
00 40 00 80 00 40 00 80 00 40 00 80 00 40 00 80
00 40 00 80 00 40 00 80 00 40 00 80 00 40 00 80
40 46 00 80 00 47 00 80 C0 47 00 80 80 48 00 80
40 49 00 80 00 4A 00 80 C0 4A 00 80 80 4B 00 80
40 4C 00 80 00 4D 00 80 C0 4D 00 80 80 4E 00 80
00 76 00 80 00 20 00 00 02 00 FF 0F 00 40 00 80
00 40 00 80 00 40 00 80 00 40 00 80 00 40 00 80
00 40 00 80 00 40 00 80 00 40 00 80 00 40 00 80
00 40 00 80 00 40 00 80 00 40 00 80 40 46 00 80
00 47 00 80 C0 47 00 80 80 48 00 80 40 49 00 80
00 4A 00 80 C0 4A 00 80 80 4B 00 80 40 4C 00 80
00 4D 00 80 C0 4D 00 80 80 4E 00 80 00 76 00 80
BE 20 00 00 02 00 FF 0F 00 40 00 80 00 40 00 80
00 40 00 80 00 40 00 80 00 40 00 80 00 40 00 80
00 40 00 80 00 40 00 80 00 40 00 80 00 40 00 80
00 40 00 80 00 40 00 80 00 F6 00 80 00 0E 01 80
00 26 01 80 00 3E 01 80 00 56 01 80 00 6E 01 80
00 86 01 80 00 9E 01 80 00 B6 01 80 00 CE 01 80
00 E6 01 80 80 FE 01 80 00 76 00 80 30 43 00 00
03 00 FF 0F
