00 00 00 00 00 00 00 00 00 00 00 00 00 00 00 00
00 00 00 00 00 00 00 00 00 00 00 00 00 00 00 00
00 00 00 00 00 00 00 00 00 00 00 00 00 00 00 00
00 00 00 00 00 00 00 00 00 00 00 00 00 00 00 00
00 00 00 00 00 00 00 00 00 00 00 00 00 00 00 00
00 00 00 00 00 00 00 00 00 00 00 00 00 00 00 00
00 00 00 00 00 01 00 03 00 00 00 70 00 00 00 00
06 00 00 12 04 00 00 12 02 00 00 12 00 00 00 12
0E 00 00 92 0C 00 19 12 0A 00 06 12 08 00 00 12
16 00 00 92 14 00 00 12 12 00 00 12 10 00 00 12
1E 00 09 12 1C 00 00 12 1A 00 00 12 18 00 00 12
26 00 00 12 24 00 00 12 22 00 09 12 20 00 00 12
2E 00 04 12 2C 00 04 12 2A 00 00 12 28 00 00 12
36 00 01 92 34 00 01 12 32 00 02 12 30 00 02 12
00 00 00 00 00 00 00 00 3A 00 00 92 38 00 00 12


00 00 00 00 00 00 00 00 22 00 03 12 2A 00 00 92

