5147404 
3386220 
4290581 
3195041 
-2125967 
1232907 
2649979 
421015 
-3723541 
-1513698 
-3947625 
-2760981 
50975 
4469919 
-134657 
4292125 
4331937 
-3827380 
-2791860 
2488830 
-5959495 
3167963 
-3111511 
-4854536 
2416872 
-4384744 
3144732 
6659655 
-5849432 
5095814 
4860368 
-184492 
6582282 
-6484217 
4100304 
473750 
149692 
6026876 
5275571 
-820067 
6769157 
-4355993 
4908381 
5852720 
3878287 
-6155242 
-721185 
3803663 
943948 
-1841397 
1648780 
-5887896 
3409286 
4058150 
-6946222 
-6272918 
474775 
74177 
-2078361 
5172202 
2763883 
1756575 
6530097 
-1449054 
