00 00 00 00 00 00 00 00 00 00 00 00 00 00 00 00
00 00 00 00 00 00 00 00 00 00 00 00 00 00 00 00
00 00 00 00 00 00 00 00 00 00 00 00 00 00 00 00
00 00 00 00 00 00 00 00 00 00 00 00 00 00 00 00
00 00 00 00 00 00 00 00 00 00 00 00 00 00 00 00
00 00 00 00 00 00 00 00 00 00 00 00 00 00 00 00
00 00 00 00 00 00 00 83 00 00 00 70 00 00 00 00
46 00 00 17 44 00 00 17 42 00 00 17 40 00 00 17
4E 00 00 17 4C 00 00 17 4A 00 19 17 48 00 07 97
56 00 00 97 54 00 00 17 52 00 00 17 50 00 00 17
5E 00 00 17 5C 00 09 17 5A 00 00 17 58 00 00 17
00 00 00 00 64 00 00 17 62 00 00 17 60 00 09 17


00 00 00 00 00 00 00 00 64 00 00 97 5C 00 03 17



