5B 00 00 00 73 00 00 00 12 00 00 60 12 00 00 61
12 00 00 62 12 00 00 63 12 00 00 64 12 00 00 65
12 00 00 66 12 00 02 67 12 00 00 68 12 00 00 69
12 00 00 6A 12 00 00 6B 12 01 00 6C 12 00 00 6D
12 00 00 6E 12 00 00 6F 12 1F 00 70 12 00 00 71
12 1F 00 72 12 00 00 73 12 00 00 74 12 00 00 75
12 00 00 76 17 00 00 06 17 00 00 08 12 00 00 40
12 00 00 41 12 00 00 42 12 00 00 43 12 10 00 44
12 00 00 45 12 00 04 46 12 00 00 47 12 00 00 48
12 00 00 49 12 00 00 4A 12 01 00 4B 12 00 00 4C
12 00 00 4D 12 00 00 4E 12 0F 00 4F 12 00 00 50
12 0F 00 51 12 00 00 52 12 00 00 53 17 00 00 04
17 00 00 08 19 01 00 00 19 01 00 00 19 01 00 00
19 01 00 00 19 01 00 00 19 01 00 00 19 01 00 00
73 00 00 00 73 00 50 10 13 00 00 00 13 00 00 00
13 00 00 00 13 00 00 00 5B 00 00 00 73 00 00 00
12 00 00 60 12 00 00 61 12 00 00 62 12 00 00 63
12 00 00 64 12 00 10 65 12 00 00 66 12 08 02 67
12 00 00 68 12 00 00 69 12 00 00 6A 12 00 00 6B
12 01 00 6C 12 00 00 6D 12 00 00 6E 12 00 00 6F
12 0E 00 70 12 00 00 71 12 0E 00 72 12 00 00 73
12 00 00 74 12 00 00 75 12 00 00 76 17 00 00 06
17 00 00 08 12 00 00 40 12 00 00 41 12 00 00 42
12 00 00 43 12 04 10 44 12 00 00 45 12 00 08 46
12 00 00 47 12 00 00 48 12 00 00 49 12 00 00 4A
12 01 00 4B 12 00 00 4C 12 00 00 4D 12 00 00 4E
12 07 00 4F 12 00 00 50 12 07 00 51 12 00 00 52
12 00 00 53 17 00 00 04 17 00 00 08 19 01 00 00
19 01 00 00 19 01 00 00 19 01 00 00 19 01 00 00
19 01 00 00 19 01 00 00 19 01 00 00 19 01 00 00
19 01 00 00 19 01 00 00 19 01 00 00 19 01 00 00
19 01 00 00 73 00 00 00 73 00 50 10
