107 114 0 0 0 0 0 0 0 14 34 74 127 23 67 9 127 116 23 0 9 0 0 0 0 0 0 0 0 0 0 0 
10 0 2 0 84 33 0 31 0 0 15 0 103 50 127 0 1 0 127 0 35 0 100 0 0 117 127 19 76 0 127 0 
0 127 39 118 0 0 114 85 30 0 32 21 0 0 127 0 0 0 0 0 127 0 64 0 111 0 110 127 0 127 62 127 
127 33 94 0 127 0 127 0 0 0 27 127 64 13 0 25 0 0 76 0 85 0 87 18 0 85 0 127 0 127 0 65 
0 0 0 0 54 0 0 0 0 28 0 17 127 0 0 0 0 0 0 0 102 0 0 0 0 0 0 109 127 0 0 0 
0 0 0 0 0 127 0 0 0 0 0 127 127 33 127 127 84 0 118 0 68 99 38 0 87 56 0 0 0 0 127 70 
95 127 40 26 0 0 127 0 0 0 127 2 0 127 77 0 0 0 40 10 0 127 100 0 37 2 127 111 127 0 56 0 
0 40 127 127 32 127 0 78 127 127 127 0 3 127 0 127 0 70 0 0 0 127 0 0 78 0 118 0 0 0 0 0 
51 0 16 0 0 69 11 127 0 0 0 0 90 0 118 0 0 0 0 0 32 127 0 3 62 0 91 48 0 127 0 0 
13 0 0 0 0 0 127 0 0 0 0 110 53 0 0 127 0 127 127 0 0 0 36 0 0 127 127 0 0 105 65 0 
127 0 9 0 40 91 0 125 127 0 0 127 0 64 0 0 0 127 56 47 0 109 28 0 0 0 0 14 32 127 127 127 
95 0 0 127 0 0 26 12 0 0 127 0 127 0 77 33 48 0 0 127 0 0 0 0 120 127 0 0 0 5 0 0 
92 127 0 74 127 104 58 0 0 38 0 0 98 42 116 0 127 4 0 0 0 3 127 0 0 0 0 31 70 127 0 127 
127 0 127 0 127 0 24 35 14 0 108 0 24 127 82 18 95 127 59 0 82 0 0 0 0 0 18 0 0 63 38 127 
0 0 0 124 68 0 127 61 0 36 103 116 0 109 0 106 44 127 0 58 0 0 22 79 0 107 127 41 55 11 42 0 
0 127 114 0 0 27 127 127 0 65 50 94 0 4 0 0 127 66 83 0 67 118 127 0 0 0 0 5 9 0 127 0 
21 113 58 0 0 0 0 0 0 0 120 0 16 0 0 127 0 0 71 127 0 112 0 84 127 57 8 0 98 0 0 0 
0 0 0 0 0 76 0 0 81 0 76 4 118 0 89 89 127 88 127 0 92 26 14 10 127 0 6 0 0 0 26 127 
11 0 103 127 0 0 62 45 0 0 0 2 0 0 0 127 0 0 88 0 0 127 102 50 0 79 96 0 0 55 119 0 
0 0 115 0 121 106 127 0 0 116 0 0 29 0 32 16 54 0 0 55 0 0 0 120 0 116 0 0 67 0 127 0 
127 0 103 0 47 0 44 127 98 97 9 109 0 0 105 127 0 0 127 19 127 97 0 0 0 127 0 127 46 0 8 127 
0 0 12 111 47 0 0 0 0 127 0 31 127 0 6 0 0 0 0 2 0 0 0 9 0 0 17 0 18 0 0 0 
12 0 127 0 127 35 12 24 0 0 0 123 32 77 0 5 0 102 127 0 0 0 50 0 0 0 127 77 0 25 0 13 
0 0 127 127 0 39 0 0 127 118 89 52 0 7 0 0 0 0 127 0 0 127 18 0 19 0 67 127 0 0 0 89 
0 127 0 60 0 127 24 0 0 74 0 92 127 69 0 95 0 0 0 42 0 62 127 0 2 127 35 127 0 0 0 69 
0 127 0 0 30 109 0 0 127 0 0 0 0 97 0 0 83 0 33 0 0 127 0 0 127 0 65 0 49 0 0 0 
0 0 65 122 115 0 63 0 0 127 23 27 0 127 127 0 127 32 5 0 64 127 0 0 0 0 0 0 0 127 0 41 
127 0 0 0 43 0 71 127 88 0 0 32 127 0 0 62 0 5 38 5 66 0 127 83 0 0 68 0 0 0 51 117 
0 6 89 0 127 0 0 57 60 0 45 40 0 0 118 41 0 0 0 0 43 0 0 0 0 67 0 0 0 81 22 7 
0 0 0 0 0 0 8 0 122 0 0 127 0 0 0 65 0 127 127 39 79 0 8 0 0 22 0 0 0 0 0 0 
0 67 0 127 0 102 0 127 127 2 0 105 40 127 0 127 0 0 0 127 0 0 75 63 0 0 94 107 47 20 0 0 
75 35 12 0 37 53 127 59 0 0 50 127 24 0 127 94 0 43 108 22 114 0 21 30 0 124 0 0 0 0 0 0 
13 68 4 97 127 0 0 0 0 106 105 127 68 0 1 0 14 36 125 84 0 0 127 30 20 0 0 2 0 23 127 13 
127 0 79 0 0 90 0 45 0 40 0 49 0 123 0 0 0 0 37 127 0 0 0 0 127 127 48 0 105 127 127 0 
0 127 9 127 32 92 54 112 0 127 0 0 39 0 127 0 114 0 87 46 10 127 0 0 9 0 115 0 0 127 90 57 
127 0 127 0 0 96 0 127 0 0 28 127 25 0 0 33 2 0 85 0 5 113 127 127 0 0 48 0 113 36 0 127 
71 59 0 0 0 0 57 127 0 30 0 0 124 0 71 127 127 115 127 0 50 0 127 0 127 43 124 0 0 0 127 127 
127 0 0 127 0 0 0 23 127 127 0 0 0 0 0 0 0 127 0 0 0 0 2 123 0 0 67 0 0 79 104 78 
127 102 127 82 50 127 127 127 0 0 0 127 0 86 127 98 127 69 13 127 127 127 0 0 0 127 0 127 127 0 0 0 
0 94 0 0 88 0 0 10 127 127 0 53 0 127 0 0 0 127 0 13 0 127 0 110 127 74 0 43 0 0 127 127 
0 0 0 0 0 0 0 0 67 0 0 0 0 101 127 127 0 84 127 127 0 85 0 0 0 127 127 0 127 67 0 0 
59 127 127 127 0 127 0 8 127 0 0 127 0 0 0 0 72 127 0 0 2 0 95 38 127 0 0 127 114 127 0 0 
0 127 0 82 127 42 2 92 127 0 0 0 47 0 11 127 127 81 0 0 55 127 0 0 127 127 127 127 0 127 28 0 
127 31 0 0 0 0 0 127 43 99 127 0 127 41 0 0 127 63 0 0 0 0 94 0 127 0 2 0 7 53 127 0 
0 0 0 38 6 127 0 0 0 75 77 110 0 0 98 0 127 127 0 86 0 127 0 127 0 127 0 127 69 3 127 93 
79 0 0 0 0 127 0 0 0 72 0 127 0 0 127 111 127 0 127 0 0 0 0 32 102 127 0 57 127 127 127 37 
127 0 0 0 127 0 0 127 56 0 0 127 0 0 0 51 82 0 0 64 0 29 127 73 84 0 127 0 127 10 0 0 
10 127 127 70 0 9 127 0 0 0 0 0 127 0 0 0 0 127 125 65 0 16 0 0 0 76 0 6 0 127 47 0 
0 1 96 127 0 0 0 0 27 89 17 61 66 0 86 127 0 58 8 127 0 0 68 105 0 105 127 127 0 24 110 72 
0 127 0 0 0 0 0 15 85 116 102 0 87 15 0 0 113 70 127 0 0 0 0 0 107 0 127 0 0 0 16 109 
0 127 0 127 0 0 0 29 0 127 0 81 4 0 0 0 0 0 88 0 2 10 23 0 9 127 105 127 23 127 0 127 
127 0 127 0 0 0 117 94 23 127 30 0 0 127 47 127 0 0 127 0 127 31 73 0 0 0 122 0 0 18 127 119 
0 0 0 62 70 24 54 88 0 39 127 0 0 127 0 127 127 69 0 0 0 127 0 127 127 0 12 127 0 82 0 74 
127 38 127 127 0 127 127 127 115 62 7 69 37 127 0 0 0 68 81 0 127 92 46 0 0 0 0 0 0 121 0 127 
126 0 95 127 0 47 30 0 98 0 0 127 40 37 0 127 127 25 127 85 127 50 49 0 119 0 0 107 82 127 0 0 
127 1 0 0 127 0 0 127 0 127 127 100 0 0 0 127 127 42 0 0 0 45 7 0 123 127 0 0 0 0 0 0 
0 127 46 0 127 0 0 127 127 67 0 0 127 127 0 43 0 111 0 0 0 127 0 79 127 0 0 41 0 127 0 23 
127 0 112 0 111 127 0 0 0 9 55 9 0 0 0 50 127 56 78 75 0 0 127 0 89 127 7 0 13 0 0 127 
0 72 127 0 0 0 79 127 119 0 51 0 0 0 14 8 0 0 70 117 75 19 0 0 0 83 127 0 127 0 47 0 
0 127 0 0 38 0 0 0 0 0 0 0 127 11 127 0 127 127 0 0 41 0 127 25 127 0 127 21 35 127 127 127 
20 0 0 122 38 0 1 0 0 0 0 0 9 24 0 0 0 0 127 127 0 46 45 0 127 127 0 0 127 127 127 75 
127 0 0 0 0 0 0 127 10 0 0 87 58 0 127 0 127 0 0 127 0 0 127 0 110 0 0 0 0 118 127 35 
0 127 0 0 115 127 0 96 103 46 0 0 0 30 0 127 0 0 0 109 0 0 0 102 0 0 127 53 0 0 127 127 
11 127 0 0 99 9 0 43 95 0 120 55 42 127 30 90 0 0 127 23 0 0 0 11 0 0 0 82 61 127 0 90 
0 127 0 13 10 0 0 93 0 0 0 0 0 0 0 109 127 127 40 0 0 67 31 26 127 0 33 0 0 0 127 0 
0 0 0 74 0 8 0 127 0 127 0 105 0 0 0 0 52 3 0 0 0 64 75 127 73 0 127 0 0 0 13 8 
6 127 72 0 0 0 0 127 108 0 0 0 0 0 0 0 56 113 0 0 0 1 9 0 0 127 0 127 0 0 35 0 
0 0 0 0 0 0 100 0 0 0 127 0 63 41 0 0 0 127 0 0 0 79 0 127 0 127 127 127 127 0 102 0 
0 127 54 0 54 127 79 35 127 0 0 123 0 127 0 0 104 107 46 0 99 35 48 0 0 0 0 0 0 127 108 127 
0 0 0 0 100 0 0 39 94 41 0 0 0 127 0 94 93 124 44 0 0 0 127 107 102 0 0 86 127 127 127 34 
0 25 0 0 127 127 0 0 127 0 0 0 127 0 127 0 127 0 0 0 0 38 0 0 5 87 0 0 1 0 108 115 
124 127 42 106 0 0 0 127 127 0 24 0 0 0 0 0 0 0 127 12 40 0 0 46 127 62 0 0 0 27 0 127 
127 0 0 127 54 39 127 0 127 0 0 0 0 0 55 0 0 0 0 127 24 0 0 0 0 62 0 78 0 127 124 15 
0 68 127 0 0 110 0 0 0 127 127 0 0 0 0 55 127 0 0 5 0 24 0 127 0 127 127 20 0 0 127 0 
127 109 99 51 37 74 127 2 127 0 4 0 0 47 58 0 127 127 127 127 19 0 120 0 11 0 0 0 88 127 0 127 
127 127 127 0 0 42 0 0 0 0 56 88 0 0 27 127 0 0 0 95 24 0 79 0 89 13 0 8 88 96 0 26 
0 0 127 30 11 8 53 9 0 127 0 0 127 108 127 11 127 0 0 28 0 73 127 84 45 24 0 127 0 0 107 0 
127 0 0 127 0 0 0 0 59 127 0 10 0 0 0 0 0 0 57 103 0 0 96 65 0 0 58 7 15 0 0 127 
0 26 0 0 127 127 0 0 127 24 2 127 0 127 0 0 127 52 127 127 127 0 0 2 78 78 0 60 0 21 0 75 
0 0 0 0 51 127 0 0 0 0 53 0 127 127 0 0 0 35 97 11 0 11 0 0 33 79 119 0 52 97 127 0 
0 105 21 0 0 0 0 0 0 0 43 127 0 0 12 127 0 0 0 0 52 63 0 33 0 73 0 127 127 0 0 117 
0 127 127 0 0 63 0 0 0 0 127 0 127 0 0 0 127 0 0 2 0 0 127 22 127 0 0 0 21 48 0 0 
35 127 0 0 31 0 0 0 3 0 127 0 0 0 22 127 0 127 0 127 0 0 127 0 0 25 0 0 0 0 0 108 
127 127 127 0 127 101 26 127 0 0 127 0 0 127 118 127 0 0 0 0 0 86 19 0 125 127 98 127 0 123 0 0 
127 0 0 0 0 126 0 0 127 66 48 0 69 127 127 0 16 0 41 0 0 0 97 80 18 127 127 123 0 127 103 127 
0 0 0 0 69 36 0 36 0 0 127 0 84 48 127 0 0 0 127 127 55 127 0 0 20 127 9 0 0 127 109 71 
23 0 0 0 22 0 127 127 0 101 17 39 0 0 0 34 28 33 0 0 0 127 0 127 0 0 127 0 0 79 0 0 
127 0 2 0 80 127 8 39 12 0 97 0 50 0 5 127 127 0 0 127 0 0 0 0 0 0 0 62 127 127 0 0 
114 126 0 84 0 0 0 60 0 52 127 0 127 0 127 127 67 0 0 0 15 0 11 105 127 0 0 0 127 8 127 0 
127 127 127 0 127 27 101 0 43 0 0 20 0 21 0 127 127 120 0 127 0 0 127 127 106 0 127 127 66 127 0 0 
0 127 0 0 0 117 0 127 0 120 32 0 0 0 0 0 38 127 0 0 0 0 0 0 0 127 0 127 66 119 0 127 
0 55 0 0 113 127 0 30 0 127 0 0 0 0 127 127 127 74 0 0 127 127 0 36 0 0 88 0 127 0 0 0 
30 115 0 127 0 0 0 0 0 0 127 0 0 0 38 0 4 14 112 127 0 0 0 127 0 0 0 72 16 48 7 0 
127 0 2 80 18 127 59 0 0 43 57 0 0 0 4 0 0 0 0 0 0 85 35 0 0 127 0 127 0 0 0 0 
0 0 127 0 74 13 0 0 127 54 85 15 64 0 0 0 0 127 78 0 0 100 0 0 127 0 0 127 93 127 0 0 
0 12 0 0 73 99 0 0 0 0 0 127 13 0 0 127 127 105 0 0 0 22 23 0 80 0 127 39 0 0 92 0 
0 0 127 127 86 0 0 84 0 8 0 109 0 59 103 0 0 41 13 0 50 0 127 127 0 109 0 127 0 48 0 0 
0 0 8 0 0 0 92 0 0 5 15 0 0 0 127 80 42 0 77 117 0 0 127 0 0 0 0 62 0 127 0 0 
33 0 40 0 127 0 6 0 0 0 101 0 0 0 127 0 127 0 0 57 0 127 0 0 27 0 106 0 0 0 0 91 
0 127 112 127 89 0 0 0 26 0 0 127 0 127 0 127 25 36 0 0 127 12 57 127 105 25 28 0 58 0 41 0 
127 0 0 0 0 67 0 0 112 0 45 127 0 0 0 0 0 0 0 0 0 0 0 0 50 0 125 127 8 53 0 0 
21 0 48 0 40 0 0 0 55 126 0 0 127 0 84 127 0 0 0 127 0 127 0 113 127 0 100 0 127 127 0 0 
0 63 0 12 0 127 0 26 115 0 102 0 97 30 20 0 0 127 57 0 0 0 127 0 0 0 0 0 97 98 127 0 
18 116 0 28 0 127 127 0 12 127 127 0 0 0 33 0 0 0 117 127 0 127 0 52 0 0 0 127 0 127 0 95 
127 61 0 0 0 0 0 0 118 85 76 33 0 0 52 0 43 81 0 0 0 127 0 81 2 0 0 127 123 0 0 0 
0 101 25 0 127 0 0 127 0 28 0 0 0 0 20 124 27 33 0 0 0 0 34 0 50 100 0 0 0 0 83 0 
0 0 0 44 0 0 4 91 61 0 0 0 0 18 0 0 127 0 29 62 0 108 127 105 0 89 125 0 0 0 0 0 
127 127 58 0 0 53 0 0 31 127 127 0 64 27 0 0 0 43 0 64 0 0 80 0 0 0 0 0 127 0 127 0 
0 127 0 50 0 127 127 0 0 0 127 24 0 0 0 127 97 34 0 0 76 127 127 17 79 61 127 65 0 48 0 0 
30 0 0 0 127 127 0 0 0 0 0 63 0 91 127 127 0 127 86 127 102 0 127 33 0 127 107 15 34 127 0 26 
0 31 127 0 88 127 0 32 0 90 127 127 0 0 0 0 0 127 0 0 35 24 0 0 0 0 0 57 64 0 127 89 
0 49 127 0 0 0 0 117 117 0 0 0 127 127 0 127 43 127 127 0 0 0 127 106 0 127 109 0 0 18 0 127 
127 11 64 0 27 0 127 0 0 0 74 0 103 19 127 46 26 0 0 0 41 127 0 127 0 0 127 127 20 0 0 127 
0 127 127 0 0 109 127 0 0 0 26 0 0 127 124 127 0 0 0 12 0 113 56 0 127 122 127 0 37 0 0 0 
127 0 38 127 0 102 0 3 127 127 0 0 118 127 0 0 0 0 0 0 0 57 0 0 78 0 127 22 127 74 56 127 
0 109 127 40 0 98 0 0 11 0 127 0 0 127 62 0 0 127 0 99 0 0 0 127 127 75 49 60 0 93 127 0 
38 127 127 26 0 0 7 0 55 0 49 127 12 0 0 127 98 127 99 127 127 0 0 0 127 0 8 27 0 127 89 0 
0 38 0 0 7 0 0 0 0 3 0 0 0 79 127 0 127 0 127 0 0 0 0 127 0 16 95 26 116 0 104 127 
127 0 126 127 0 0 0 0 0 0 127 54 127 127 3 127 0 0 0 113 91 127 51 0 127 0 0 56 107 0 0 99 
0 83 127 127 127 0 127 0 23 0 66 0 0 12 0 104 127 0 0 127 0 124 0 127 62 0 50 66 0 12 77 8 
26 11 127 102 0 0 108 0 0 20 127 63 0 99 0 0 122 0 78 50 0 98 12 33 0 33 30 72 0 16 103 127 
97 38 0 127 0 0 0 82 0 0 16 127 96 127 127 127 127 0 44 127 119 127 0 127 0 0 0 0 119 0 0 33 
4 95 0 0 23 0 0 0 0 93 116 91 59 127 0 0 127 106 0 127 0 6 0 0 127 0 0 0 127 51 40 127 
43 78 0 127 0 0 0 0 66 127 30 22 127 127 0 127 124 127 102 25 0 0 0 0 0 0 7 0 0 0 76 116 
3 9 89 0 0 127 127 53 0 102 127 0 67 36 127 60 127 0 81 0 64 99 40 8 0 0 29 0 0 0 0 127 
0 127 0 127 127 0 127 127 0 42 33 0 0 67 127 127 53 15 0 127 127 61 0 0 42 127 0 127 67 127 0 73 
0 0 67 127 0 0 103 49 20 127 97 0 112 0 0 0 0 0 127 127 0 0 0 80 127 127 100 0 0 0 108 0 
0 127 87 123 0 127 0 0 91 26 108 1 0 127 127 0 0 109 0 0 127 33 18 107 50 52 0 0 127 127 0 69 
0 0 0 6 99 0 87 127 0 0 74 0 0 0 90 40 0 0 0 0 52 0 0 0 127 65 127 4 127 68 0 0 
0 91 127 0 0 11 0 127 0 0 0 108 127 0 0 0 0 0 0 127 86 127 0 92 0 31 0 127 15 83 0 29 
0 48 0 0 0 127 0 18 0 0 0 127 66 0 0 0 0 0 101 0 127 28 0 0 0 0 54 80 0 35 0 0 
0 82 0 0 0 0 125 0 127 0 0 127 112 0 127 67 0 0 0 127 0 106 64 0 68 0 32 0 0 127 0 0 
127 0 0 54 27 0 116 1 0 0 0 127 127 0 30 127 127 0 127 0 0 101 0 107 127 0 127 0 0 0 127 84 
71 0 127 35 0 0 0 104 0 127 0 0 117 71 4 127 61 127 0 0 0 22 47 43 0 127 0 76 0 127 0 0 
0 106 0 58 127 25 0 0 66 127 0 0 0 119 98 0 127 127 127 127 127 44 0 0 0 89 74 127 0 127 0 0 
127 127 0 12 0 127 0 0 0 0 22 0 59 63 117 105 0 0 0 0 49 0 127 46 63 110 0 0 0 0 0 0 
0 127 0 127 0 0 0 0 19 108 66 57 0 0 33 0 0 0 22 0 87 127 0 127 22 0 118 35 0 0 53 0 
0 0 0 127 0 0 4 0 0 0 0 9 0 82 122 127 0 28 54 127 33 0 97 127 127 26 0 0 113 0 127 127 
127 54 104 127 30 0 127 0 90 52 0 50 26 50 0 0 27 127 56 0 97 127 0 64 0 0 0 0 0 10 0 13 
110 0 87 127 127 127 0 0 0 46 0 0 36 45 127 58 78 0 108 0 43 99 0 12 0 51 0 89 127 127 0 127 
92 127 0 0 127 121 27 127 0 30 127 76 0 0 0 0 0 11 0 0 0 127 0 0 0 0 69 127 0 0 127 0 
79 127 0 0 0 0 0 127 0 127 127 0 2 127 127 23 127 0 72 0 99 3 127 127 44 0 0 127 86 0 0 0 
127 0 127 69 94 0 0 93 109 127 0 127 0 0 85 0 127 5 0 0 0 31 0 0 0 122 0 0 126 0 90 55 
0 51 0 0 0 9 93 0 0 0 0 0 127 0 0 76 127 48 0 44 127 127 107 99 127 0 55 0 0 24 127 127 
0 127 0 108 0 0 127 127 0 0 43 0 0 0 0 6 60 0 73 0 0 127 0 0 63 0 108 0 15 0 0 0 
126 0 0 0 0 0 58 0 26 0 0 115 76 0 0 127 18 127 127 127 0 0 115 31 0 0 0 0 63 0 35 0 
62 127 0 64 0 0 0 0 0 62 0 27 0 0 101 0 127 0 0 0 0 127 2 0 85 0 0 127 0 62 127 127 
0 0 0 0 0 0 123 127 0 22 75 0 0 102 59 127 0 0 0 0 72 0 0 48 0 0 0 0 127 59 0 0 
0 106 22 3 0 0 114 0 0 127 127 0 0 127 24 0 127 49 65 0 0 0 118 0 18 52 127 0 0 95 57 0 
0 0 127 127 0 127 127 117 0 13 6 0 61 0 0 0 0 16 97 0 66 0 88 0 0 0 0 2 0 0 0 0 
127 127 0 127 0 119 0 127 0 107 0 0 127 92 0 127 0 114 121 126 54 127 120 28 127 89 0 127 0 75 127 127 
0 0 0 0 110 0 127 82 0 38 0 0 0 127 0 127 50 52 77 125 0 124 127 91 127 0 0 0 0 108 127 88 
127 0 127 0 0 79 127 0 24 77 108 0 127 44 37 127 57 0 12 94 127 0 0 0 89 95 0 0 0 0 0 127 
69 127 127 0 111 127 0 0 127 127 0 127 0 85 0 64 11 127 0 0 96 127 54 0 0 0 62 0 0 74 127 0 
0 0 0 0 127 96 26 0 117 127 78 0 0 0 116 106 0 127 19 0 0 127 0 77 16 0 7 60 80 81 7 0 
0 0 0 0 0 37 0 127 0 0 0 12 57 67 44 127 76 89 4 127 49 94 0 82 108 127 69 77 0 42 127 20 
95 80 0 116 127 96 127 0 0 0 0 27 0 127 0 0 4 127 127 127 0 0 93 0 0 0 127 0 0 0 127 127 
10 0 90 127 0 0 127 23 26 127 0 68 0 0 0 127 0 0 127 0 26 69 127 76 0 0 0 0 0 31 44 0 
0 23 127 7 127 127 127 0 72 0 0 0 127 127 0 99 6 45 0 127 127 0 4 0 0 0 6 32 73 0 0 127 
0 127 127 0 68 5 107 0 81 0 65 10 45 127 122 0 0 25 40 56 3 120 2 0 127 11 0 0 0 123 64 127 
0 18 45 126 26 40 0 0 0 127 48 85 0 0 0 120 58 127 0 82 11 0 0 8 0 41 94 61 0 0 0 127 
127 127 127 0 34 0 98 41 127 0 101 127 29 0 4 0 127 59 5 0 0 76 127 42 0 46 127 0 1 71 127 123 
86 0 0 0 35 0 0 30 0 127 0 64 87 84 53 0 127 111 123 0 0 55 0 127 0 79 0 127 127 119 0 127 
72 127 0 127 127 127 0 127 0 0 0 85 0 0 0 42 127 4 0 127 125 0 0 0 32 0 67 31 0 0 58 1 
0 127 30 127 0 127 0 127 0 0 0 127 65 0 0 0 0 0 0 127 0 78 0 0 0 0 127 83 55 0 0 0 
62 127 0 0 0 0 0 0 47 127 0 0 0 0 0 115 127 127 127 0 0 42 0 0 127 105 127 0 0 0 0 0 
0 0 43 3 0 0 127 0 0 1 39 14 4 0 127 72 0 0 0 0 127 110 127 0 0 0 127 40 112 0 0 0 
0 63 0 84 0 0 0 74 0 0 112 28 0 0 127 0 0 0 127 64 59 0 64 58 127 0 127 1 2 0 127 0 
108 0 0 0 0 0 127 46 127 0 0 46 0 69 0 0 0 0 96 127 0 60 0 0 127 0 0 59 0 0 127 0 
0 0 0 0 0 0 127 127 0 0 87 0 0 127 0 3 16 90 0 127 45 29 0 80 127 127 127 127 25 0 0 127 
39 102 127 0 0 37 0 108 0 0 0 99 127 127 0 0 0 117 0 127 0 0 52 108 37 16 0 0 0 122 0 127 
0 0 127 96 0 127 47 0 0 127 0 0 37 0 0 127 127 56 0 127 41 15 0 76 0 0 0 98 127 50 127 74 
127 127 0 102 0 0 0 0 0 0 10 127 41 0 40 0 66 0 0 0 127 0 0 127 0 0 0 0 0 110 127 50 
58 0 0 0 0 0 0 0 73 0 0 0 17 0 127 62 0 0 0 127 0 0 0 93 0 0 0 0 0 127 0 127 
127 0 116 106 68 0 127 100 127 0 127 2 0 0 0 127 0 0 0 0 0 127 0 0 0 57 127 0 9 127 0 36 
73 63 0 0 81 0 76 74 20 0 58 0 127 69 127 127 0 127 127 127 0 0 127 0 64 0 0 0 0 127 127 0 
127 0 39 0 0 0 10 125 102 0 0 0 74 127 0 52 0 0 38 0 10 75 0 21 0 2 0 78 127 0 0 38 
0 24 0 76 0 89 79 0 127 0 0 0 0 14 127 92 87 0 0 127 0 127 127 127 127 127 0 127 33 127 0 34 
0 127 0 63 13 127 127 0 0 0 0 0 0 0 0 127 0 104 48 0 0 127 127 63 127 127 6 0 17 127 0 101 
127 127 127 0 0 0 20 5 2 127 117 0 0 127 0 127 0 0 127 0 0 0 86 0 0 0 0 111 0 0 127 127 
127 127 0 12 0 0 0 0 127 55 29 26 127 69 10 0 21 0 0 127 1 0 0 0 28 84 71 127 0 0 95 127 
127 106 0 63 0 2 101 0 0 0 0 0 127 103 0 80 127 0 106 0 15 127 0 0 127 56 0 110 0 18 109 40 
0 127 127 20 127 0 0 0 127 0 0 0 19 97 74 0 78 127 0 0 113 20 0 127 127 9 0 0 111 0 0 127 
71 0 100 127 104 0 0 102 0 0 0 127 0 0 0 0 0 14 100 0 69 0 0 0 127 0 0 0 123 0 0 93 
127 0 0 127 89 127 0 127 127 101 89 0 0 0 0 127 0 0 81 24 45 0 71 46 0 127 24 127 78 0 0 0 
0 14 44 0 0 33 0 3 0 66 127 32 127 0 0 98 2 0 0 0 0 0 18 15 127 127 73 0 0 103 0 127 
0 0 0 109 91 127 0 0 0 0 83 27 0 46 127 0 0 35 65 127 0 0 65 127 0 69 127 0 13 1 73 45 
0 29 19 0 0 71 127 99 0 11 0 127 51 0 0 0 0 32 0 0 0 115 0 0 0 0 87 17 5 0 127 0 
104 0 0 104 78 0 0 127 0 0 127 0 37 0 76 0 0 110 82 0 0 127 38 0 19 0 127 88 0 0 0 0 
0 118 0 127 117 0 0 127 127 0 0 127 45 0 0 1 0 111 0 127 106 13 80 0 26 121 83 0 57 84 0 123 
104 0 0 0 127 127 0 0 127 31 99 0 0 119 16 127 106 127 0 0 0 36 8 0 0 0 0 127 97 86 46 102 
127 0 126 0 0 127 32 0 0 64 0 0 87 98 117 0 0 61 0 0 0 0 0 0 127 19 95 7 0 1 0 0 
0 115 3 0 4 0 0 0 11 0 0 0 127 127 127 127 0 0 0 0 31 127 0 127 48 65 0 21 38 0 127 15 
0 0 22 127 0 0 127 127 127 57 0 59 0 0 127 126 0 94 0 0 0 0 0 53 55 71 0 0 127 127 0 77 
0 46 0 0 0 0 30 23 36 0 118 0 0 127 28 0 127 0 127 38 127 0 0 0 0 102 127 0 0 0 0 0 
127 0 0 127 0 0 0 8 71 13 0 0 0 0 69 127 0 23 30 127 0 44 9 0 124 56 86 0 0 0 127 127 
127 0 0 76 3 23 0 0 127 40 0 0 0 127 0 77 127 127 22 0 0 0 16 0 0 65 0 0 117 0 0 0 
127 127 0 0 0 0 0 101 9 127 19 46 81 0 93 92 127 100 22 0 6 0 0 127 48 0 0 0 0 0 0 54 
0 127 14 0 127 0 0 0 0 40 0 53 19 0 87 51 0 127 42 0 0 4 0 0 35 0 0 0 0 127 0 0 
0 0 127 127 49 95 127 20 0 30 0 0 84 0 64 0 0 0 0 60 0 0 67 127 0 0 0 0 46 121 127 127 
0 0 0 0 67 127 0 127 127 127 19 0 0 32 0 0 63 0 0 12 0 127 0 76 79 0 127 15 0 104 0 14 
0 0 27 0 124 81 0 14 127 29 55 40 0 0 0 0 127 80 127 0 0 0 71 127 0 0 0 0 127 0 0 127 
0 0 0 127 17 0 52 99 0 0 59 118 7 127 127 0 0 0 0 127 0 127 127 32 0 0 90 0 75 0 0 0 
33 0 33 0 127 0 0 0 32 0 108 27 127 23 0 0 127 0 127 42 65 0 21 0 3 0 127 0 77 0 127 0 
0 18 125 122 0 32 0 55 0 0 0 10 0 98 4 41 0 35 9 0 52 127 57 127 54 4 0 0 0 30 18 127 
0 96 127 0 84 94 127 0 33 38 15 97 51 9 1 127 0 0 115 97 0 127 49 0 127 0 120 0 0 0 127 52 
91 0 0 127 16 25 0 127 127 0 53 0 0 54 127 0 0 0 76 0 0 55 127 119 127 0 0 0 127 71 0 0 
0 127 25 0 0 0 0 127 127 0 0 0 0 127 0 0 8 0 0 0 127 0 127 0 127 0 0 127 0 0 127 0 
0 0 0 0 0 62 0 0 0 19 23 1 0 127 0 0 127 0 0 0 127 0 0 0 127 0 0 0 0 127 111 127 
127 109 0 127 0 0 7 0 0 87 110 0 0 127 0 0 0 76 0 116 6 125 0 0 127 0 0 127 0 127 0 127 
127 127 0 127 0 0 0 0 50 0 0 0 0 110 0 66 127 94 0 23 0 0 10 52 75 84 42 26 0 127 1 127 
0 127 0 96 127 0 0 22 0 0 0 0 81 31 0 0 0 47 0 11 31 15 0 0 0 30 0 83 0 127 0 127 
66 127 0 0 127 0 121 0 127 0 41 63 23 127 104 0 127 0 0 0 104 0 18 0 82 101 0 0 0 0 87 101 
0 22 107 80 47 127 113 0 127 127 0 0 0 127 0 0 49 0 69 0 67 0 0 0 127 72 124 0 0 74 79 0 
127 0 0 97 118 0 0 0 0 51 80 0 0 127 127 127 101 118 0 12 0 127 58 0 109 0 5 123 43 0 119 94 
0 7 91 127 0 0 127 0 49 127 0 0 16 88 0 0 0 0 39 0 0 0 127 17 78 67 0 127 0 0 0 46 
127 38 127 0 3 127 6 0 127 0 18 118 64 0 0 127 82 0 0 0 0 0 12 53 0 85 0 0 0 127 30 127 
0 0 101 126 102 68 127 0 0 127 127 117 0 36 0 0 52 0 0 105 45 0 0 10 0 0 0 0 0 127 125 0 
0 0 0 0 29 49 59 0 0 0 0 0 0 0 127 0 104 127 0 127 0 127 91 0 0 0 127 0 99 56 11 0 
0 0 127 0 0 0 0 0 40 0 127 0 127 0 0 127 127 0 0 0 0 0 0 0 8 0 0 127 0 41 0 127 
0 1 0 0 0 23 127 0 0 0 0 0 18 0 0 0 0 0 0 0 24 0 127 0 0 127 72 11 56 127 71 19 
0 127 66 127 0 0 16 127 49 0 38 1 76 0 0 0 127 0 127 0 127 0 1 0 0 36 0 0 10 127 0 127 
57 0 0 127 127 0 0 0 0 127 0 127 0 0 0 103 0 0 42 0 0 114 127 127 17 0 0 127 0 0 127 0 
44 0 0 88 72 0 0 127 50 79 0 0 0 80 0 127 0 127 115 0 0 0 0 26 0 0 117 0 0 61 7 127 
0 124 28 127 79 34 0 24 127 0 0 0 0 0 0 0 127 42 127 0 0 60 0 113 71 0 127 0 13 0 32 0 
127 127 59 0 4 0 0 127 47 0 0 0 0 0 0 0 0 4 0 0 0 0 0 127 0 31 0 0 127 0 0 0 
0 0 127 0 0 91 127 0 0 0 0 127 31 0 0 0 58 0 0 127 0 0 0 65 0 0 127 127 30 0 0 127 
0 0 127 127 29 0 26 3 0 0 0 53 0 89 127 0 127 0 0 0 0 0 75 89 38 0 0 127 127 127 67 2 
0 0 0 0 0 0 0 6 60 127 0 0 0 95 0 0 93 0 0 107 123 110 0 93 0 125 0 127 127 60 127 100 
0 47 127 0 0 16 127 127 89 127 2 88 0 111 0 104 127 127 0 89 0 18 84 3 0 0 0 0 42 62 0 0 
127 127 0 0 0 0 38 0 0 0 0 0 64 0 34 0 0 127 0 127 0 0 0 0 24 0 0 127 7 0 0 127 
127 5 0 0 16 25 127 127 0 0 0 127 0 127 76 127 0 0 34 0 127 33 0 127 0 127 45 0 63 22 0 32 
122 127 0 0 0 127 0 127 0 0 92 20 0 0 0 0 0 0 0 0 0 127 0 0 127 0 0 102 61 127 0 71 
0 111 0 127 59 9 0 0 46 111 127 0 0 101 127 0 0 127 0 60 0 25 0 127 0 0 0 24 0 127 0 0 
0 127 2 61 79 0 7 0 57 127 127 0 123 14 0 0 0 0 28 0 7 127 0 0 127 21 127 127 127 71 127 0 
0 127 127 17 0 0 86 0 0 47 31 0 79 0 77 0 127 0 14 0 37 127 0 127 127 0 0 127 127 127 0 47 
0 119 70 127 0 0 0 127 0 0 0 111 0 0 0 0 127 0 127 94 51 0 0 127 0 78 127 0 0 29 127 127 
0 0 127 59 127 127 100 94 0 0 0 35 127 0 127 0 101 0 127 0 16 0 96 0 127 0 19 6 0 127 0 0 
74 127 0 0 10 127 86 0 0 0 0 127 0 0 0 0 0 0 0 60 0 93 0 0 50 90 3 127 0 0 127 0 
0 23 5 127 86 108 0 0 37 61 0 0 127 0 0 0 79 127 2 0 0 0 30 0 0 0 0 127 0 0 35 45 
127 0 0 0 28 0 0 0 72 0 0 80 0 127 0 127 0 0 0 127 1 0 0 56 0 127 21 0 0 127 0 0 
0 84 6 0 0 102 0 0 0 0 0 0 127 127 0 0 0 127 84 0 0 127 7 0 127 0 127 127 121 0 110 0 
52 127 16 13 62 0 0 0 127 109 25 127 64 0 0 0 0 0 62 0 0 0 127 0 127 0 127 50 68 38 0 0 
100 0 0 0 127 79 39 0 124 127 0 0 0 127 117 127 127 127 127 26 39 40 0 0 127 127 15 0 0 45 0 12 
0 0 0 127 0 0 0 127 127 43 48 0 0 84 0 28 16 105 127 127 0 127 88 40 101 0 81 88 0 127 127 7 
0 0 0 63 0 0 0 0 127 97 0 86 27 0 0 62 0 127 0 0 120 127 0 0 0 0 0 71 74 127 0 127 
25 59 0 46 93 0 127 0 127 0 127 31 127 0 16 0 0 56 127 0 45 0 127 124 19 127 48 0 24 0 0 127 
127 127 127 67 0 107 0 12 0 67 0 0 0 92 0 0 0 127 0 0 12 84 0 33 0 0 127 127 17 0 0 115 
85 127 0 127 0 59 0 0 85 0 127 0 0 0 17 0 127 102 0 4 0 0 68 83 0 0 0 9 127 1 0 127 
45 127 0 0 0 68 0 0 0 30 92 0 0 91 0 0 127 19 63 127 0 55 45 127 82 68 0 127 0 0 0 0 
0 0 0 127 0 9 127 0 18 0 0 127 31 1 0 127 32 81 76 0 104 127 0 0 0 0 17 0 0 123 0 68 
49 111 127 127 0 0 0 0 0 32 0 0 0 31 127 127 0 0 26 15 0 0 0 0 127 0 0 0 127 92 0 127 
127 127 19 9 60 0 0 0 127 0 0 0 67 127 104 99 127 0 0 127 10 0 57 0 67 0 127 0 55 0 0 0 
18 0 127 14 7 0 29 99 0 127 0 0 0 0 0 0 70 127 0 54 0 127 127 0 0 103 0 0 0 43 0 90 
0 0 0 0 0 100 21 36 28 127 0 0 0 0 0 0 0 0 52 0 0 0 0 0 0 0 127 0 0 0 97 0 
11 127 0 0 7 127 0 127 0 0 127 29 76 0 43 31 0 127 0 0 16 0 127 0 127 0 32 0 76 76 0 0 
127 127 19 27 0 0 5 127 0 0 0 0 0 28 117 127 0 0 0 0 123 15 127 9 0 52 0 0 127 0 0 6 
0 66 65 119 0 127 122 1 127 113 0 0 0 17 127 0 127 125 84 127 110 0 0 0 127 86 0 87 0 127 0 0 
1 0 0 0 23 0 127 0 124 0 19 0 95 0 0 127 105 0 0 0 0 0 35 51 0 0 99 0 0 0 0 0 
0 0 127 127 79 127 0 0 101 0 0 0 86 30 9 19 0 127 104 127 127 127 0 127 39 0 0 0 0 127 0 0 
0 0 0 0 0 0 127 19 0 0 28 127 0 0 121 20 0 0 127 127 0 121 127 80 29 81 127 127 0 0 0 0 
0 0 52 0 0 0 18 0 127 0 0 0 0 0 0 77 0 0 127 0 0 77 0 93 127 0 61 0 67 0 0 0 
0 0 127 0 0 0 22 0 118 0 127 23 93 127 127 49 127 3 0 112 24 122 124 0 35 0 0 127 91 24 56 0 
0 4 0 0 0 72 0 127 127 109 0 127 0 111 13 0 0 0 0 0 71 0 0 0 0 0 38 0 0 0 41 0 
0 0 0 9 26 11 0 26 19 0 0 122 0 0 127 111 0 50 0 127 47 0 0 0 0 28 123 0 0 0 0 0 
127 0 0 0 0 0 41 82 127 0 0 0 3 0 0 0 0 57 0 0 0 12 0 127 0 0 0 112 0 127 0 0 
0 56 0 0 127 0 121 0 0 127 99 0 127 0 127 0 47 0 0 127 127 0 0 9 0 127 0 127 92 0 0 0 
0 45 0 0 0 0 65 0 0 0 55 0 0 127 34 0 0 105 0 127 0 0 127 0 0 91 0 0 0 37 0 127 
33 0 87 0 0 35 127 37 24 0 3 0 95 127 31 0 0 91 116 0 0 0 0 0 38 29 0 0 0 0 0 75 
122 0 127 22 71 47 57 0 0 73 0 0 80 127 127 0 127 0 80 12 121 0 33 0 0 0 127 0 0 127 127 0 
0 127 126 73 127 0 36 0 0 122 0 120 0 0 0 0 63 0 0 0 0 127 5 0 0 0 21 127 0 46 0 0 
0 11 127 0 29 0 0 127 104 0 39 0 127 0 16 0 0 87 0 127 127 0 0 89 57 0 20 120 0 0 47 24 
31 85 0 127 127 16 0 0 53 72 0 0 0 28 0 99 49 0 38 0 0 0 0 0 69 99 0 0 0 0 0 116 
0 0 45 24 0 127 0 0 117 97 8 1 0 127 0 0 127 127 14 111 6 7 0 127 0 0 0 0 0 0 0 127 
48 127 78 58 0 0 34 0 0 43 109 0 127 95 0 0 0 127 127 127 0 0 127 127 119 0 0 0 9 127 0 20 
36 0 127 0 65 0 106 127 0 114 50 0 0 0 106 0 127 0 0 32 127 0 0 57 25 41 0 0 126 0 127 127 
0 0 119 103 74 0 127 52 127 0 0 102 127 0 127 0 25 127 39 0 0 0 127 0 49 38 127 127 52 50 127 0 
127 0 0 127 0 0 0 0 0 0 0 103 127 127 0 127 127 105 39 0 127 40 0 0 0 127 127 127 73 127 127 0 
0 0 0 0 80 127 108 87 0 117 0 0 84 4 74 0 0 90 50 0 127 16 103 0 127 0 0 127 88 0 43 30 
0 37 0 0 127 0 0 127 127 0 0 0 55 0 4 71 127 0 0 0 9 0 0 127 0 0 0 13 92 0 127 0 
15 127 0 0 67 0 127 0 68 57 0 17 0 0 0 48 0 0 0 0 0 127 127 127 127 98 127 0 0 41 0 127 
0 0 0 15 0 127 0 0 46 127 127 0 0 127 0 127 0 102 87 0 0 0 0 0 10 127 12 0 0 127 127 103 
127 0 127 127 0 0 127 0 24 16 0 0 0 0 0 127 0 104 0 99 12 0 29 127 0 0 118 0 105 37 0 72 
127 0 79 0 0 127 127 127 0 6 78 0 39 0 127 0 0 0 27 98 0 127 0 28 0 127 0 127 0 0 0 65 
24 84 127 15 0 127 127 0 5 0 0 0 127 0 0 0 0 0 0 0 127 0 0 17 0 127 0 97 0 0 0 0 
51 0 0 74 127 0 127 0 127 127 127 5 0 0 0 0 0 0 88 66 33 0 15 0 0 93 65 0 0 127 0 0 
0 0 86 127 108 0 0 127 0 53 0 0 0 0 0 127 104 91 127 0 0 0 0 0 0 127 85 0 0 0 50 78 
0 100 0 0 0 127 0 0 0 0 0 95 88 0 0 127 65 0 44 0 0 102 127 74 0 115 33 0 127 0 127 118 
112 0 100 0 1 82 127 0 127 82 0 127 0 0 25 0 0 32 0 18 0 127 127 127 127 0 0 0 0 0 0 0 
0 0 0 0 0 0 0 0 127 0 0 127 127 0 0 0 45 0 0 0 0 81 39 8 0 127 0 123 43 38 112 0 
0 127 0 0 0 0 0 127 0 0 0 127 77 0 0 0 0 5 127 31 0 0 0 84 127 0 0 0 88 127 0 0 
78 0 0 0 0 127 70 127 0 0 0 0 127 127 0 0 0 31 15 0 88 0 127 15 0 0 0 0 0 127 0 121 
48 78 127 74 4 0 0 86 87 0 0 115 127 0 127 127 0 0 63 0 95 47 0 106 100 0 14 31 0 0 82 8 
113 127 127 0 127 127 88 127 0 0 0 127 127 38 0 127 20 127 127 0 105 122 41 59 127 0 80 0 0 41 62 0 
0 90 0 0 127 0 0 0 124 127 46 0 0 0 91 62 0 0 0 0 0 0 60 20 0 54 127 0 74 4 0 0 
0 0 99 0 35 76 100 0 0 0 2 25 127 0 0 35 61 127 0 50 0 127 0 0 21 0 0 0 125 23 0 0 
23 0 58 0 0 127 56 0 0 0 127 119 31 0 127 0 0 127 127 40 74 0 0 127 108 0 47 1 0 56 0 127 
127 127 5 51 0 0 127 0 0 33 0 119 3 123 0 127 0 0 0 0 0 98 0 0 0 0 121 127 0 0 127 0 
0 0 0 1 0 8 69 72 127 127 0 0 127 0 0 0 127 0 106 0 0 127 0 0 127 0 74 86 2 21 19 127 
127 127 11 127 0 29 127 18 0 0 52 0 69 127 56 74 0 0 0 57 0 0 66 0 25 0 0 0 2 0 0 0 
0 14 0 127 127 0 0 0 127 102 0 0 127 29 85 2 88 0 127 0 0 1 0 81 0 67 0 9 127 0 127 127 
0 127 0 25 76 127 0 101 127 96 73 105 0 0 127 0 127 0 0 3 0 127 94 0 43 127 127 0 0 30 0 0 
0 0 40 105 0 7 28 109 82 0 0 102 0 11 82 21 127 0 0 127 82 0 68 127 127 0 48 0 43 0 113 0 
0 22 98 0 0 119 110 10 0 10 113 0 73 127 30 60 18 127 0 16 0 0 127 0 0 66 3 0 9 105 23 0 
0 127 0 123 0 0 0 0 7 33 0 0 62 80 0 127 0 0 0 0 0 100 46 79 127 28 85 127 127 57 0 84 
48 0 127 0 0 0 0 27 55 0 115 0 0 0 0 0 45 0 0 0 49 69 79 109 127 0 0 127 9 80 0 72 
0 127 82 127 0 107 9 127 58 0 98 0 112 114 0 110 0 127 0 0 0 0 127 0 0 0 0 0 30 0 0 54 
20 0 0 0 0 0 127 75 0 0 0 0 0 72 0 0 0 0 127 127 0 127 111 113 19 0 127 0 0 0 85 0 
0 0 99 96 127 85 127 0 127 0 127 0 0 0 0 0 106 44 0 127 0 0 0 0 0 0 0 0 0 0 0 80 
0 127 127 0 0 127 7 0 0 41 127 0 0 127 0 0 0 0 0 0 7 57 0 50 0 81 0 71 0 0 0 127 
127 0 127 127 83 73 0 21 127 37 0 6 0 0 0 0 127 0 55 40 108 66 127 9 21 127 0 127 0 117 0 127 
0 114 0 0 127 0 0 0 49 0 0 0 127 127 0 0 0 39 18 0 0 0 41 127 76 21 0 73 127 0 127 0 
0 0 127 26 65 127 0 0 52 0 0 127 77 127 0 0 0 0 0 127 0 37 0 127 127 0 0 0 127 0 0 0 
127 120 5 54 0 127 127 127 0 0 65 127 0 127 0 0 24 87 0 98 113 0 1 0 52 0 0 0 14 0 0 0 
127 127 86 84 0 0 0 102 5 0 14 0 5 127 127 0 0 31 9 0 0 11 0 0 127 0 127 127 0 7 0 0 
0 127 0 95 127 0 2 0 123 62 127 0 127 0 127 1 127 66 8 0 0 0 127 0 49 0 127 0 0 0 46 127 
0 127 127 108 0 88 0 0 0 127 25 0 0 127 0 0 0 0 0 0 0 0 0 110 127 124 0 127 50 127 0 0 
0 9 127 64 25 87 0 0 50 17 100 127 0 64 0 7 38 0 0 52 0 0 0 96 3 0 0 0 0 127 0 0 
0 76 0 0 25 0 127 127 106 127 11 0 90 50 0 127 14 0 27 127 93 0 127 0 0 86 0 127 23 0 0 0 
0 127 127 0 0 0 0 31 0 0 126 127 84 0 87 0 127 0 11 39 0 92 0 104 113 99 12 127 36 127 58 13 
48 50 92 0 38 0 0 0 74 0 0 0 89 57 123 127 1 108 120 0 127 127 0 67 110 62 0 93 0 127 56 77 
96 93 127 0 0 127 0 0 0 0 0 0 0 0 0 13 127 127 0 0 77 65 34 0 0 127 0 0 60 49 0 0 
0 127 30 73 0 127 0 127 0 0 0 0 0 62 63 113 0 127 0 108 0 127 0 0 13 0 0 0 115 127 0 0 
0 0 0 0 127 87 127 0 0 37 0 8 0 124 18 0 0 58 0 0 127 0 34 0 127 3 0 127 0 0 0 0 
127 127 0 18 0 0 0 0 123 0 0 0 127 48 0 0 0 127 0 127 127 127 0 5 0 18 127 127 127 59 0 127 
0 0 123 0 0 65 0 46 38 0 52 0 82 104 0 0 82 0 123 53 46 127 19 0 0 127 0 11 0 0 0 0 
102 127 5 0 112 0 0 0 0 0 0 0 0 0 54 10 13 117 120 0 127 127 92 0 127 0 110 0 88 97 0 0 
127 127 84 0 0 0 0 0 0 41 0 127 0 103 76 0 127 0 13 53 1 127 0 35 127 52 0 0 50 86 127 0 
127 0 97 0 0 0 0 0 0 127 0 58 0 127 42 0 127 127 0 127 119 35 0 127 0 0 0 0 92 0 0 0 
0 127 127 99 0 15 0 0 0 127 0 0 0 63 127 127 0 0 0 18 0 127 65 0 99 77 0 127 127 127 0 39 
114 0 0 83 24 127 127 0 31 0 0 0 127 0 0 0 41 0 52 0 65 0 15 0 127 0 127 0 38 0 116 0 
127 0 127 0 20 0 0 127 0 0 28 0 0 80 0 0 8 44 11 0 0 89 0 0 127 127 0 0 14 0 1 17 
127 0 0 56 0 127 127 46 116 0 24 0 0 0 0 53 87 0 26 18 47 14 35 127 127 31 16 0 106 55 127 40 
73 46 38 101 6 7 103 0 0 120 15 127 127 0 73 94 0 0 0 0 0 127 0 127 66 96 0 127 127 0 127 6 
127 0 127 0 0 127 127 0 110 0 0 22 14 0 0 0 0 0 127 24 0 108 127 127 0 0 0 127 81 0 127 127 
0 63 121 0 127 0 56 127 0 127 0 82 0 11 92 127 0 77 109 95 12 0 0 0 35 41 0 0 38 127 0 0 
127 8 38 0 49 91 0 24 54 43 0 0 0 0 127 0 0 0 0 0 127 127 0 43 7 0 113 93 127 0 0 0 
112 127 12 127 0 0 0 0 0 0 40 0 0 127 107 127 0 127 0 0 114 0 44 0 0 112 0 127 0 102 94 0 
0 125 0 0 112 0 110 0 0 6 4 0 0 127 0 36 0 127 0 42 0 26 0 127 0 0 20 127 0 21 127 0 
47 105 69 0 1 0 0 56 0 127 78 127 0 0 0 0 10 35 51 0 3 0 0 114 0 3 0 0 0 127 0 0 
0 0 0 127 127 57 89 127 0 0 0 0 0 127 99 0 0 78 0 0 127 27 0 0 0 0 127 127 53 0 29 127 
0 95 127 127 70 0 0 45 67 0 112 127 127 77 0 127 0 0 127 127 0 0 0 127 0 90 0 0 0 0 0 127 
111 127 0 127 127 0 0 72 127 0 0 127 127 127 127 0 0 0 0 97 123 0 96 17 97 77 111 116 36 88 61 127 
0 127 66 127 0 127 0 7 0 117 0 0 0 127 91 0 0 0 0 0 0 86 100 127 0 0 0 0 119 0 0 80 
127 0 0 127 0 30 127 0 0 0 56 42 127 0 0 0 0 0 0 0 82 0 127 18 0 0 127 127 62 0 127 127 
127 0 0 0 71 0 0 57 0 0 0 0 127 127 0 0 0 0 0 0 105 0 18 78 15 0 18 0 0 0 45 0 
0 0 35 127 0 0 0 95 0 127 127 0 0 0 127 0 0 0 0 0 99 0 0 0 0 0 0 0 102 52 127 0 
127 127 17 0 44 127 0 74 0 0 127 127 0 57 0 24 0 0 0 0 55 127 127 76 127 120 0 127 0 0 127 0 
0 0 127 0 0 0 127 0 0 127 0 127 127 0 127 0 7 46 0 0 0 0 0 30 127 0 0 17 43 127 94 0 
127 63 0 127 127 108 0 0 0 0 96 0 79 54 0 0 0 127 0 95 75 127 0 53 0 0 0 127 0 127 0 0 
121 2 28 0 127 75 0 127 51 46 108 0 0 0 127 127 34 33 0 0 127 102 0 0 0 0 0 0 0 0 0 127 
0 19 0 18 75 0 127 127 0 0 0 81 0 0 0 118 0 0 0 37 0 0 127 0 0 56 43 0 103 112 127 0 
0 127 0 0 0 0 127 116 0 70 70 124 127 127 38 0 11 0 47 0 0 66 0 127 0 0 35 101 0 0 0 0 
0 0 127 4 0 0 0 0 36 68 0 0 0 0 47 96 0 0 0 127 127 102 0 0 123 0 96 13 0 77 0 48 
46 0 0 127 102 127 0 0 0 0 127 127 0 0 0 0 32 0 47 0 127 2 87 0 22 73 0 69 0 0 127 127 
0 100 127 0 0 86 0 0 127 0 86 90 0 0 0 0 0 0 0 0 0 0 0 0 0 0 0 0 0 0 0 0 
0 0 85 127 5 40 0 127 110 0 127 94 107 6 127 0 103 90 0 0 37 127 24 0 0 0 42 127 26 103 127 127 
0 0 0 39 127 0 25 0 100 0 71 0 10 65 0 0 127 0 127 0 0 0 3 127 127 0 127 107 127 0 44 0 
37 58 0 0 29 0 0 0 127 0 72 127 127 0 127 0 127 0 0 127 32 90 29 0 0 52 0 0 64 0 127 127 
73 63 0 22 0 0 0 40 61 0 0 0 0 0 0 34 127 0 50 0 107 127 0 0 28 127 0 0 0 0 0 121 
0 0 56 127 8 127 13 0 0 0 3 26 0 75 0 0 127 0 0 0 33 62 32 127 127 9 0 0 0 0 0 0 
127 0 0 127 17 127 0 127 127 0 3 110 0 50 0 0 0 0 53 0 0 0 0 127 127 127 127 32 0 127 79 0 
90 21 0 62 17 42 0 117 0 127 127 25 127 127 0 127 0 0 127 0 80 127 127 127 0 127 0 127 0 0 127 0 
0 33 0 0 0 0 0 55 10 127 0 127 21 127 0 0 0 0 10 0 56 0 0 0 0 0 0 0 0 53 127 92 
0 79 127 127 0 98 0 0 0 127 0 35 0 0 0 127 0 0 127 0 82 127 0 0 4 127 0 0 0 0 0 0 
82 127 50 127 79 53 0 0 67 72 0 0 127 0 24 12 0 0 112 8 0 0 94 0 0 0 127 0 114 0 125 30 
127 119 0 15 125 127 127 0 103 0 90 0 0 57 41 0 0 54 0 127 127 0 113 0 127 0 0 0 0 56 0 127 
0 0 107 52 23 53 0 0 127 0 0 0 0 0 127 0 0 9 78 0 55 127 0 0 38 0 108 127 69 109 112 15 
0 0 0 0 19 0 125 0 48 0 127 0 0 127 0 92 127 127 127 3 0 127 53 0 0 95 0 123 0 0 0 0 
103 127 0 127 0 0 0 127 103 0 0 0 0 42 0 54 0 0 41 127 0 4 0 39 0 0 99 127 89 0 0 127 
61 0 0 16 0 0 0 127 0 0 127 0 0 0 0 127 127 80 0 0 39 0 0 127 0 127 0 0 127 127 127 127 
0 127 127 0 0 0 127 113 0 0 0 0 0 0 0 101 0 0 121 57 0 127 127 10 127 23 0 127 0 0 108 63 
0 127 127 51 100 127 127 0 127 111 15 36 0 0 112 0 127 83 127 127 0 12 127 30 0 2 127 0 104 118 0 127 
113 33 29 0 0 0 0 0 0 0 0 127 99 35 0 116 0 0 0 0 0 127 0 127 0 0 89 109 121 0 0 127 
0 0 0 127 85 119 0 127 70 27 127 0 0 127 0 0 0 0 0 127 127 0 127 0 127 0 11 0 80 37 0 103 
43 0 4 0 21 19 127 9 127 0 127 0 127 17 0 0 0 126 0 97 0 0 0 0 0 0 127 127 0 127 71 0 
0 127 0 57 0 116 0 2 0 0 0 51 127 127 127 0 0 0 0 0 109 18 0 0 31 0 0 127 59 127 103 61 
0 67 127 0 0 0 0 91 55 127 41 64 0 0 0 127 86 0 0 93 0 0 0 0 0 84 10 101 127 41 127 127 
42 0 26 0 127 87 0 127 0 93 0 0 0 0 0 0 0 0 116 127 30 0 0 0 0 127 88 63 0 0 0 0 
0 0 76 127 0 64 72 0 127 27 0 0 127 42 127 0 0 0 0 127 0 0 0 0 127 83 0 127 0 78 127 0 
0 18 74 0 127 125 44 0 46 127 127 0 11 127 116 0 108 76 20 0 127 0 0 35 12 10 0 0 0 0 0 0 
0 127 73 127 85 127 84 84 10 44 0 0 0 0 0 27 0 0 103 127 0 0 55 0 112 0 0 127 0 0 127 0 
95 48 0 0 43 127 0 0 0 0 66 42 0 127 74 0 58 0 20 0 0 0 125 0 0 127 115 0 7 0 127 115 
0 49 127 2 0 64 0 0 0 0 0 55 21 41 0 0 0 15 0 65 0 0 0 0 0 53 0 0 26 127 24 0 
0 127 79 0 0 127 127 50 89 0 0 0 0 127 127 0 0 56 38 127 0 0 127 0 0 0 127 0 127 127 0 0 
80 0 0 0 0 34 0 0 0 127 127 15 0 105 0 64 5 90 0 107 53 65 114 0 127 0 127 0 0 0 0 0 
0 0 127 127 0 127 0 39 61 89 0 66 0 127 0 127 14 127 0 0 127 0 0 0 61 20 0 0 0 0 0 0 
0 127 0 127 0 79 0 0 0 71 37 70 0 19 127 0 108 0 0 64 27 127 0 53 127 0 0 84 0 0 0 127 
0 0 0 127 127 45 0 34 127 2 127 51 84 0 127 0 22 127 0 0 127 0 127 127 0 24 0 0 92 127 0 127 
0 32 0 0 0 127 0 0 0 57 0 0 0 107 127 0 0 0 110 0 0 17 28 0 0 0 99 127 0 0 127 118 
0 127 124 127 127 127 127 102 24 89 127 103 0 127 127 58 18 0 63 0 0 29 0 23 0 0 0 0 0 127 0 127 
127 0 0 0 0 77 0 55 0 0 127 57 127 0 0 0 0 0 0 127 55 0 0 0 0 0 127 127 0 0 0 47 
0 70 0 0 0 0 27 0 0 0 0 68 0 23 0 127 0 127 0 0 0 0 0 0 117 0 0 127 127 0 20 0 
0 20 107 0 127 49 0 11 127 96 0 127 0 0 0 0 0 123 6 116 81 127 87 0 0 11 44 92 0 0 127 0 
0 0 77 0 0 0 62 127 0 0 0 0 64 0 0 18 0 46 0 93 21 127 0 0 127 20 83 0 127 108 0 0 
0 0 93 116 127 0 0 127 127 0 0 127 63 0 0 0 127 0 62 0 127 0 4 0 18 25 59 127 30 0 41 42 
127 0 0 38 0 0 0 127 0 0 127 112 0 50 65 0 77 127 127 13 31 64 87 0 0 0 0 127 95 25 127 115 
62 56 0 127 113 0 127 52 0 0 127 0 127 0 36 0 78 127 0 70 0 0 33 18 12 82 127 19 127 0 127 62 
0 127 0 3 0 127 127 0 0 0 127 0 47 127 0 0 0 77 50 0 0 90 0 127 0 71 118 127 0 73 0 0 
113 0 0 0 22 120 127 0 127 65 0 0 0 0 0 0 127 127 107 0 0 0 127 0 0 0 46 117 3 0 68 0 
105 127 0 0 7 60 0 0 0 122 127 26 0 0 0 127 0 127 0 64 83 0 0 0 0 0 98 127 0 0 0 0 
0 0 127 43 0 0 0 127 0 0 127 9 127 0 0 127 127 127 97 0 0 0 127 0 112 123 82 55 127 30 0 0 
0 14 89 0 0 0 0 0 69 0 36 0 127 127 127 46 0 0 26 127 127 111 8 0 117 75 0 0 108 0 127 0 
127 24 127 86 0 0 0 127 0 0 0 0 0 100 0 127 0 122 0 104 0 0 127 0 25 0 127 111 0 35 0 0 
0 0 0 127 0 0 4 118 127 0 80 0 0 0 0 127 0 0 127 0 52 0 0 0 0 0 0 0 0 127 25 0 
127 127 66 127 0 0 83 127 121 0 0 0 0 0 55 0 127 127 94 0 110 127 90 0 0 0 127 87 83 0 0 127 
0 0 111 0 127 127 127 29 127 0 0 127 71 67 0 127 11 0 0 0 9 0 0 0 65 127 127 127 0 127 38 0 
117 6 54 0 0 23 76 108 122 0 0 123 0 127 0 0 127 37 62 0 0 60 27 127 127 127 0 127 0 127 127 127 
0 0 91 2 86 0 0 34 78 127 0 106 53 0 0 0 0 0 0 0 0 116 0 11 0 0 1 0 127 0 127 0 
0 72 127 127 8 57 110 61 0 14 0 37 90 0 0 0 0 0 22 73 127 70 0 0 120 0 0 0 30 0 15 33 
0 0 0 127 0 13 127 87 0 127 57 127 24 13 0 72 0 127 69 0 0 0 127 0 51 0 0 114 22 0 127 0 
0 0 0 127 94 127 12 127 75 62 0 0 81 35 0 0 117 0 0 0 0 0 0 0 0 0 127 24 0 0 0 127 
47 0 127 0 45 0 111 127 0 10 49 11 127 0 119 0 127 0 127 0 0 98 0 127 127 0 0 0 0 0 0 0 
0 112 127 127 5 0 0 0 127 127 0 0 0 54 0 0 127 0 37 0 0 0 0 0 47 16 0 77 34 86 127 0 
0 0 3 0 0 0 0 0 0 0 0 127 0 0 0 0 0 56 0 0 37 127 0 0 127 0 0 127 0 0 35 0 
15 0 127 104 45 6 127 122 0 0 82 0 127 0 3 0 0 0 33 0 125 0 127 0 0 0 0 0 127 97 127 0 
127 0 127 64 71 0 127 54 127 0 41 127 0 0 105 127 0 0 127 0 0 127 0 0 21 45 0 14 127 0 92 72 
127 0 127 0 0 127 127 0 0 106 0 71 75 127 127 127 127 0 127 127 0 64 59 127 0 12 127 0 38 112 0 127 
0 0 0 0 13 0 90 62 0 74 52 127 127 127 0 0 0 2 0 0 0 33 0 127 0 127 0 127 0 0 127 127 
0 0 127 43 56 0 0 127 0 62 0 35 0 127 108 107 0 127 0 0 0 0 127 0 0 101 8 0 0 0 0 0 
0 0 104 127 0 0 127 56 72 127 0 127 127 0 32 0 106 0 0 127 0 127 0 0 0 124 75 127 0 127 0 0 
0 127 0 0 0 127 11 124 0 127 0 0 127 127 0 127 123 127 127 127 3 127 0 127 0 22 0 127 0 0 0 127 
0 0 102 0 0 0 127 0 115 0 22 127 96 0 0 0 127 127 0 39 76 25 0 0 0 0 23 51 47 0 0 81 
4 0 34 49 0 0 0 0 0 53 4 79 114 0 0 38 0 0 127 0 57 0 0 125 72 0 66 0 0 0 0 90 
92 71 63 0 0 0 98 0 127 32 0 39 0 64 127 0 0 0 103 0 106 112 106 0 127 0 100 127 127 0 41 0 
0 0 0 0 0 0 0 0 111 0 16 0 0 88 127 28 127 127 127 127 25 53 56 0 127 0 0 0 0 127 58 0 
0 127 0 127 127 127 53 107 116 0 114 127 0 84 92 8 0 0 0 0 0 0 0 50 127 46 51 65 0 0 124 13 
0 110 0 0 127 60 127 0 0 36 23 0 36 0 127 111 127 22 0 114 0 127 0 3 59 0 82 0 0 0 2 0 
0 46 0 0 0 41 0 127 127 0 0 0 0 101 0 0 0 127 0 127 0 125 0 127 0 0 0 0 127 0 0 0 
29 0 0 0 127 0 101 0 74 0 0 0 0 75 0 127 127 0 105 127 119 0 127 0 127 0 21 0 127 0 0 72 
0 0 127 94 127 127 0 0 0 0 0 119 127 93 127 20 0 0 0 38 101 0 35 0 0 0 0 0 127 0 0 85 
113 0 127 127 30 0 0 41 0 0 67 127 127 88 127 69 127 33 90 0 85 0 127 49 99 127 0 117 16 0 127 0 
127 127 127 103 0 78 0 0 127 127 101 0 127 127 123 0 0 0 0 127 0 127 0 0 0 52 1 127 18 52 0 37 
0 127 23 0 57 127 0 110 84 127 0 0 127 127 86 0 127 0 0 0 127 0 0 121 44 0 127 127 80 68 0 0 
127 127 42 35 0 0 77 35 127 19 40 127 127 0 1 127 0 127 0 0 0 0 8 0 0 0 68 59 127 127 0 0 
6 75 42 122 0 15 0 48 0 16 127 127 79 0 127 0 127 0 127 0 57 0 127 15 0 0 112 127 0 0 0 0 
0 127 0 0 0 65 0 0 0 3 0 7 43 127 0 0 0 0 0 0 0 127 127 0 0 0 94 62 0 56 127 0 
127 100 0 127 18 121 31 0 0 28 127 104 0 114 0 114 127 0 103 92 0 0 0 123 0 125 127 49 0 0 0 127 
127 0 127 0 125 124 127 0 0 0 0 127 127 0 21 0 72 58 12 0 0 127 0 0 0 38 0 127 40 0 0 0 
0 122 103 0 0 0 0 0 0 0 7 0 127 0 0 0 72 76 0 0 127 35 127 0 11 0 103 103 127 0 0 74 
98 112 0 127 85 91 0 0 0 28 127 127 0 0 0 0 0 127 11 109 0 59 0 127 127 0 92 0 127 46 0 127 
97 0 0 0 127 127 0 125 0 0 0 0 0 62 0 0 0 0 0 0 127 127 0 0 0 127 0 0 107 0 0 0 
0 127 0 0 127 127 0 127 62 4 25 44 123 0 127 0 0 15 0 0 0 0 116 38 0 127 0 0 0 127 0 127 
0 127 0 0 0 0 0 82 127 0 0 17 0 0 73 83 0 0 127 0 0 0 0 25 127 20 127 0 0 0 121 127 
0 0 0 50 26 0 0 76 0 81 33 127 127 0 95 94 127 67 0 58 102 127 0 46 127 127 0 127 127 127 0 127 
123 36 127 16 11 68 0 0 15 9 0 0 0 127 127 89 0 0 92 0 0 0 68 0 127 127 0 0 12 0 0 52 
127 122 85 0 0 0 127 0 73 114 0 0 56 127 0 0 61 127 0 0 11 5 88 74 0 0 127 71 127 0 127 0 
28 0 127 0 127 50 15 0 127 0 11 32 0 0 0 0 0 0 0 0 127 0 0 27 127 118 0 0 0 0 0 0 
47 127 0 0 0 0 0 0 0 0 0 0 57 0 34 49 22 106 0 0 0 0 127 0 0 127 0 3 42 2 98 0 
0 0 0 0 0 0 0 127 127 50 100 0 0 127 127 127 104 127 29 0 127 0 0 0 0 0 127 127 79 127 0 31 
127 127 20 0 85 127 94 0 50 0 0 0 0 0 0 0 0 33 127 48 0 0 127 127 127 0 127 0 0 127 0 127 
0 0 0 127 0 127 0 79 0 0 0 127 127 0 0 19 0 0 127 0 0 127 0 41 0 0 0 0 0 0 0 0 
0 127 127 0 32 24 0 67 0 74 6 43 0 0 82 127 2 0 0 0 51 127 10 0 0 127 0 0 0 0 0 88 
0 66 0 0 0 0 0 127 0 0 0 0 0 0 0 127 0 0 0 0 0 0 127 127 48 28 71 0 0 0 57 0 
0 0 126 36 127 127 0 0 127 0 127 127 0 0 0 0 27 0 127 0 127 0 0 0 0 111 85 127 0 0 0 127 
4 120 0 127 0 0 23 0 0 56 127 0 82 39 0 49 0 0 127 50 0 48 0 89 127 0 95 0 0 127 88 0 
42 127 127 0 0 108 0 70 127 89 11 0 127 0 0 127 0 0 0 0 0 0 127 127 127 127 0 0 34 127 0 127 
127 18 0 0 0 0 127 27 127 127 0 127 0 0 0 0 0 0 49 39 0 0 127 0 0 86 0 29 0 0 127 0 
0 0 13 0 0 50 0 54 127 1 43 0 0 127 0 0 127 0 120 0 0 75 0 0 0 0 75 0 127 49 0 40 
0 73 127 0 0 127 0 127 127 0 0 127 127 0 105 106 127 0 0 91 49 110 86 126 0 47 0 0 0 127 29 8 
127 0 0 10 0 0 0 0 127 0 31 0 127 0 0 0 0 0 0 52 0 0 52 0 0 0 0 127 0 0 0 66 
127 0 127 0 0 0 127 0 125 105 81 0 0 0 127 127 76 0 75 48 48 0 52 13 0 19 0 64 7 0 3 49 
30 96 127 0 0 80 0 55 0 0 96 0 127 0 0 0 0 61 127 0 0 127 0 61 0 127 0 127 0 0 0 0 
0 0 57 0 0 39 56 76 0 0 127 127 127 0 0 0 28 30 18 0 0 0 3 45 0 0 0 0 0 127 0 0 
0 0 0 7 114 0 0 0 0 0 0 74 0 127 17 127 127 127 0 118 8 0 108 17 0 29 127 113 0 0 113 127 
127 0 0 127 127 0 0 91 108 43 127 37 0 127 0 0 85 0 0 0 0 0 0 11 0 0 127 0 80 0 127 19 
0 34 0 34 85 69 49 80 97 0 7 0 37 0 0 127 127 0 127 127 14 107 0 127 16 0 127 127 28 127 26 0 
0 0 127 127 110 52 0 0 0 0 127 0 0 66 0 0 93 46 127 127 59 0 24 127 127 84 68 0 43 93 125 0 
127 0 0 125 0 11 0 0 0 127 26 0 0 0 105 0 0 5 0 127 12 115 40 121 14 115 0 127 60 0 117 0 
95 103 0 0 0 0 0 0 0 127 99 0 0 127 0 62 127 29 0 0 0 93 0 3 6 116 127 127 101 0 0 0 
0 0 71 0 123 5 127 0 34 0 127 40 0 41 108 0 39 0 0 0 71 121 0 127 0 0 0 0 120 0 0 127 
41 92 0 0 0 0 0 0 0 0 89 33 0 121 127 0 0 0 26 0 90 127 82 62 21 0 0 0 127 0 51 24 
54 79 0 0 127 0 0 110 0 0 0 86 127 127 127 0 94 0 0 127 74 127 114 0 127 0 80 0 60 0 114 1 
127 0 0 11 0 53 6 5 127 53 12 0 95 127 0 45 53 1 0 0 0 71 0 127 0 0 127 0 42 127 127 127 
0 0 0 0 0 0 28 98 45 56 117 0 0 0 115 0 0 0 0 0 22 0 127 0 0 67 0 0 0 17 67 0 
127 0 0 0 0 8 0 0 56 9 0 127 93 0 0 16 0 0 8 0 0 0 127 0 0 0 57 0 25 0 0 56 
0 0 87 0 81 0 27 0 1 121 127 46 111 0 41 0 0 0 13 13 127 67 117 31 50 0 21 0 50 0 0 127 
127 0 8 79 0 0 65 0 0 0 0 114 0 0 0 127 0 122 0 0 0 0 85 0 0 0 91 127 0 0 7 0 
0 0 0 0 105 127 0 127 81 127 0 0 0 127 1 0 127 0 6 66 127 0 10 0 41 0 0 47 102 15 0 0 
30 0 0 0 51 0 58 0 0 0 0 54 127 0 0 127 11 8 40 50 0 32 20 0 0 0 0 127 0 45 10 54 
127 112 0 0 0 50 0 30 0 0 0 0 0 3 39 21 0 45 0 53 102 62 0 13 48 0 0 51 19 73 0 28 
0 127 0 0 0 0 0 127 0 0 64 37 21 35 0 0 127 121 127 0 0 0 0 0 0 0 59 0 0 0 112 0 
0 28 0 49 0 0 94 0 0 63 0 13 0 127 0 0 0 93 0 0 0 127 0 104 0 0 0 0 77 0 0 0 
120 127 0 30 0 0 0 0 0 0 67 97 0 0 22 0 12 0 31 0 29 0 26 42 108 127 127 0 72 0 0 0 
0 3 0 125 110 0 127 127 0 0 0 0 0 0 127 127 0 127 0 7 127 0 127 0 81 0 65 63 0 127 82 112 
0 0 9 71 0 0 0 127 66 27 127 0 29 0 0 0 0 0 0 0 0 0 26 0 127 0 0 127 118 0 96 0 
0 0 50 99 89 127 0 127 69 0 0 0 0 0 9 127 0 0 0 0 102 66 38 127 0 127 0 127 0 0 0 0 
127 0 19 0 0 13 0 0 0 8 0 71 14 46 127 0 0 0 0 76 0 0 110 0 0 111 49 127 95 0 0 43 
0 61 0 32 0 93 0 0 43 0 0 28 127 21 62 34 0 0 0 6 28 0 0 0 55 0 0 119 89 127 127 108 
35 4 127 127 0 62 0 23 0 0 1 0 34 0 0 127 14 127 0 0 72 0 64 115 0 115 87 127 118 127 0 0 
101 0 0 127 0 127 0 127 42 20 120 12 127 127 0 79 127 69 85 0 0 127 83 0 0 0 127 117 38 0 0 25 
0 108 103 127 0 72 127 0 0 127 124 0 18 127 0 127 109 62 0 0 101 0 0 9 91 127 0 0 0 127 0 0 
83 94 127 0 127 0 0 0 0 0 42 50 48 0 0 127 33 0 0 127 31 24 0 15 127 0 127 34 59 127 0 13 
0 127 0 0 117 127 0 29 127 0 0 127 0 127 0 0 127 0 0 20 127 0 0 72 0 0 0 17 0 1 76 76 
0 72 0 127 0 0 111 0 41 0 0 127 0 127 127 71 59 122 127 127 0 39 0 52 127 67 0 0 21 0 0 0 
0 48 0 0 102 0 127 0 43 0 0 103 0 0 2 0 127 114 0 127 77 0 64 0 8 37 34 28 0 0 0 0 
23 101 127 127 70 19 57 0 88 12 122 127 0 83 127 0 0 0 0 127 74 127 0 0 0 0 0 0 0 0 76 0 
127 49 0 11 127 0 26 0 0 0 0 59 127 0 59 127 0 0 0 0 0 0 127 31 36 127 127 2 116 0 0 0 
0 0 56 127 0 0 33 0 1 0 54 0 0 0 36 79 101 127 121 0 37 0 0 123 0 77 17 0 0 8 0 0 
101 0 89 0 0 0 0 0 127 104 0 7 0 48 0 127 0 0 0 127 0 0 93 78 4 89 0 0 0 51 0 0 
0 0 94 0 50 0 0 6 0 116 0 25 0 127 0 0 0 0 0 0 79 0 0 0 0 127 0 0 0 0 21 0 
0 0 127 0 0 10 71 14 0 0 100 0 109 48 57 0 0 0 82 0 0 0 114 0 44 0 15 116 51 0 22 0 
0 52 127 0 69 0 37 0 127 0 20 0 0 0 0 0 65 0 0 127 115 34 29 127 0 0 23 127 0 127 60 24 
0 0 0 127 121 127 0 0 0 0 115 0 0 91 127 19 100 36 0 127 0 127 0 62 7 46 0 0 0 0 14 127 
113 0 127 84 89 127 0 0 7 0 0 0 74 0 33 0 0 0 0 8 0 87 0 121 127 23 127 86 0 0 127 127 
66 127 17 127 0 127 0 127 0 0 0 127 0 55 0 0 124 0 127 42 0 0 60 0 0 127 0 0 0 0 38 127 
0 0 0 105 0 5 0 0 69 0 0 0 127 0 0 0 80 98 124 50 0 127 0 0 0 0 0 66 88 0 127 0 
57 34 30 91 0 0 0 13 0 94 0 109 92 0 0 119 61 0 0 0 0 35 9 127 0 127 0 18 0 39 127 0 
127 0 32 0 127 0 127 0 0 29 16 30 127 0 77 127 74 127 45 0 82 0 36 0 0 0 0 50 127 28 0 19 
127 0 0 99 0 0 127 127 0 127 127 0 0 48 127 0 0 0 54 127 32 97 0 0 127 0 0 127 0 0 54 0 
0 0 0 73 127 0 91 69 0 0 35 127 20 0 0 5 93 127 0 0 0 9 0 0 0 127 61 0 0 0 0 31 
26 35 0 0 71 127 0 0 0 0 127 0 0 0 0 0 0 38 104 127 0 127 0 127 0 0 86 0 0 0 127 0 
102 40 82 42 0 0 0 0 97 60 95 0 65 6 0 127 0 0 104 37 120 84 127 0 99 109 17 14 0 27 127 60 
0 44 127 68 0 0 0 15 127 0 23 0 127 26 0 127 0 0 93 0 7 0 0 0 49 0 65 127 0 127 62 127 
0 0 127 0 80 127 0 127 0 0 127 0 0 20 3 127 18 127 0 19 0 0 0 5 0 1 0 127 0 118 127 22 
0 0 56 28 0 0 122 0 0 0 0 127 0 0 120 0 0 20 52 58 112 11 84 127 0 0 28 56 0 0 0 0 
0 9 127 73 74 127 127 95 30 82 0 0 122 38 78 106 127 0 103 127 0 0 0 0 0 0 86 51 0 56 0 0 
0 17 0 0 83 0 0 0 106 0 0 78 0 0 0 0 0 88 8 0 127 0 0 0 0 73 111 127 88 0 0 99 
127 0 0 0 0 0 127 0 0 0 0 92 17 55 0 0 115 0 127 15 119 127 0 0 0 0 0 0 0 37 55 121 
0 64 127 0 0 50 3 70 0 33 127 127 77 0 0 94 0 3 0 0 43 69 0 54 0 127 0 38 22 84 64 69 
0 0 0 120 63 5 0 105 0 0 95 0 0 0 0 0 0 0 127 0 127 10 0 33 0 0 0 0 0 32 127 38 
0 0 0 82 0 127 127 27 111 45 127 127 0 0 77 0 0 104 0 0 38 127 10 0 86 77 49 0 127 32 0 18 
0 28 127 12 107 0 7 0 0 43 0 0 93 0 0 0 0 114 0 127 0 0 0 0 127 8 0 98 0 92 44 70 
127 0 0 114 62 117 45 75 0 0 78 81 0 0 0 127 13 15 14 0 0 127 0 127 103 0 116 0 17 127 122 0 
0 0 0 0 87 0 127 0 0 13 48 0 0 0 127 27 0 0 127 127 0 7 0 0 0 10 0 127 0 110 127 0 
0 0 0 0 0 0 10 26 127 0 0 0 0 127 85 0 127 127 0 0 5 0 61 75 0 67 0 0 118 0 98 93 
124 0 16 127 81 0 0 0 127 40 62 127 0 0 0 0 0 0 0 0 127 88 0 127 0 102 0 0 0 66 110 25 
0 51 44 0 127 0 0 0 0 53 47 125 10 34 99 54 10 44 0 111 0 0 0 0 0 0 45 127 0 36 0 75 
108 127 0 0 0 105 127 126 0 40 0 95 0 0 0 70 0 124 18 37 90 112 0 20 0 38 43 0 127 127 0 118 
0 0 0 90 0 20 127 65 0 0 0 45 0 0 71 0 0 0 19 0 127 0 22 113 0 109 2 0 39 127 0 0 
0 0 0 30 127 0 0 0 0 12 0 0 127 0 0 0 0 0 0 0 20 0 0 0 0 3 127 0 105 0 12 0 
0 0 0 72 127 0 127 127 127 119 127 0 58 0 127 127 0 0 127 0 0 0 0 117 127 0 89 0 0 0 0 127 
0 6 39 0 127 0 72 0 61 0 82 0 53 29 0 63 80 0 0 0 42 0 0 127 127 0 115 0 59 127 127 0 
0 88 0 52 33 127 0 0 127 0 29 0 0 105 74 109 127 88 114 116 124 0 49 0 65 54 72 0 0 0 127 0 
0 71 0 0 0 0 0 0 38 127 110 0 0 0 85 127 61 0 127 127 127 0 0 41 0 0 85 0 0 0 127 0 
0 0 0 26 0 113 0 127 0 43 127 20 63 41 0 53 0 0 0 0 40 0 0 0 127 0 0 0 47 0 87 0 
15 0 116 127 0 106 127 115 127 77 2 27 68 0 81 0 41 0 0 0 112 0 127 127 0 0 0 0 80 79 69 6 
94 88 127 0 0 100 0 0 0 127 0 0 67 127 12 120 5 0 127 31 121 127 85 0 0 127 0 57 127 127 0 127 
66 127 0 27 0 66 0 53 0 0 127 0 0 102 37 3 29 0 0 107 127 38 120 0 67 56 0 0 0 0 127 0 
16 0 0 0 39 15 0 0 0 11 56 0 0 0 100 0 0 81 127 0 80 0 0 86 52 0 69 20 0 10 127 13 
97 0 43 105 0 53 68 0 0 11 0 40 23 85 0 0 0 0 0 11 127 0 0 18 100 34 0 0 0 0 0 10 
0 33 9 127 0 86 26 0 0 0 0 111 76 0 15 0 0 12 0 127 127 18 0 21 127 48 0 127 0 0 120 0 
11 0 127 127 0 0 57 5 75 0 0 0 0 127 0 41 127 0 59 61 127 0 72 0 0 0 12 0 0 0 90 0 
127 0 0 0 0 83 0 0 0 0 0 0 102 0 0 90 0 0 127 0 127 62 0 0 92 0 125 0 15 0 0 127 
119 49 0 0 127 0 0 1 0 64 127 0 69 126 16 15 0 0 0 0 113 127 0 71 0 0 0 42 58 0 69 68 
0 97 127 111 127 0 24 0 52 0 0 0 0 0 0 0 0 0 0 0 35 0 58 126 127 14 102 127 0 0 127 53 
0 95 0 0 52 125 127 40 127 0 0 0 82 127 127 18 127 63 0 19 0 120 36 5 0 49 75 0 74 0 127 127 
0 0 0 0 24 0 0 0 127 0 0 127 45 122 127 0 127 0 0 14 0 0 47 0 127 55 31 15 0 39 127 0 
0 0 0 0 59 127 25 127 8 51 0 39 127 46 0 22 0 0 97 0 127 127 13 3 0 0 127 0 59 12 127 0 
0 21 66 66 127 0 127 0 127 0 0 0 0 29 0 0 0 86 0 0 127 0 60 127 0 0 0 127 0 0 59 66 
6 29 127 0 0 0 0 0 10 127 0 0 127 75 0 127 127 0 0 42 0 127 24 109 29 29 0 0 0 93 63 0 
38 92 0 127 0 127 123 84 0 0 0 0 0 39 87 0 0 127 127 0 119 0 42 0 102 0 127 41 127 0 127 127 
0 0 0 127 127 45 0 0 72 0 45 127 127 26 119 72 51 127 38 109 127 12 127 0 0 0 0 35 127 127 0 67 
0 20 0 0 127 127 87 0 120 127 0 0 8 10 73 77 0 116 0 0 0 48 0 127 0 127 119 86 0 54 110 2 
127 0 0 0 0 120 0 0 0 0 0 0 0 45 0 0 127 23 0 0 0 0 61 0 127 45 0 127 0 127 127 37 
23 0 0 34 0 0 127 0 0 0 0 41 48 0 0 127 0 0 0 7 127 127 48 42 127 127 0 127 112 0 9 0 
64 0 21 65 0 127 0 48 0 24 31 79 0 0 26 78 127 99 127 0 0 0 0 0 127 0 2 0 0 127 127 3 
0 0 127 0 0 0 0 82 127 55 0 122 127 119 127 0 0 0 0 0 127 0 127 118 0 46 127 111 127 32 127 44 
122 0 19 0 127 0 0 0 127 106 0 49 0 0 127 0 127 21 0 30 127 0 0 0 0 127 0 20 104 0 52 46 
127 127 0 0 127 0 0 40 0 0 127 127 0 24 126 0 0 127 6 0 127 69 0 0 127 0 0 0 125 121 127 127 
51 0 0 0 127 70 39 0 0 0 0 0 0 7 0 63 0 0 0 5 31 0 0 0 0 0 0 0 0 6 0 0 
0 126 0 32 52 127 127 57 70 0 34 0 127 0 0 127 0 0 113 24 0 127 116 127 0 0 90 127 127 0 0 46 
10 0 41 0 38 0 0 127 127 31 0 0 101 35 127 0 127 109 14 127 0 0 56 0 0 0 0 0 102 45 0 0 
0 127 40 0 127 0 0 0 113 0 0 0 0 24 41 127 0 76 127 0 127 127 127 0 0 74 127 0 127 39 0 0 
23 127 18 32 0 127 0 0 0 56 0 127 0 127 27 127 127 0 127 0 127 0 33 0 127 0 127 0 0 0 127 127 
127 127 14 0 127 0 0 90 0 91 88 110 127 0 92 0 0 0 48 116 0 52 0 80 0 27 0 23 0 0 0 0 
0 0 0 0 108 127 0 0 94 0 58 17 24 70 45 127 0 0 127 117 127 0 0 105 46 42 0 127 0 0 11 0 
127 0 0 0 17 0 50 0 127 31 0 0 0 0 127 0 106 27 88 117 127 127 31 97 8 0 0 0 39 127 0 108 
0 8 127 0 77 0 0 127 127 5 0 127 0 97 0 0 109 0 127 0 127 0 101 0 0 4 0 127 0 0 79 127 
0 127 81 0 127 0 127 0 0 95 0 0 127 0 9 0 0 57 28 0 0 87 0 0 127 0 0 127 0 30 127 127 
127 127 127 42 0 98 0 56 0 39 127 0 0 127 83 115 0 0 75 0 0 127 0 0 0 127 0 0 127 0 127 127 
125 16 0 0 46 52 0 127 51 0 63 0 89 0 98 22 0 127 67 34 127 0 0 0 125 0 0 41 116 53 0 0 
0 42 0 9 0 127 9 0 0 0 103 0 0 0 0 0 47 23 0 127 14 111 127 0 96 0 0 0 0 0 17 87 
0 28 0 127 0 0 0 111 18 0 127 23 0 0 40 0 0 111 0 102 23 98 0 0 0 127 14 127 26 0 87 127 
108 0 26 117 0 0 127 0 127 0 46 6 0 0 0 27 127 0 127 0 0 0 59 95 0 127 0 0 127 33 0 127 
47 0 0 0 60 0 0 0 0 0 0 0 127 0 0 127 0 6 0 91 0 0 39 0 0 0 37 34 127 7 0 116 
127 0 29 0 127 62 0 25 0 0 127 0 127 43 109 125 0 25 0 116 0 127 0 47 108 0 0 0 126 73 0 0 
0 31 0 127 80 46 0 127 0 97 40 0 88 127 0 0 127 31 0 0 0 0 5 49 0 0 0 127 127 69 41 0 
0 0 48 0 0 0 107 13 0 0 15 0 82 56 0 1 127 0 114 127 82 0 53 118 0 0 127 119 64 0 0 28 
0 0 0 0 0 127 104 26 6 0 0 0 0 0 0 96 127 0 0 122 95 127 0 79 0 0 109 0 7 127 0 0 
127 0 32 127 127 67 28 0 0 109 31 127 43 0 0 69 127 127 126 0 0 0 0 0 0 17 0 0 0 27 127 0 
24 126 0 0 0 0 127 60 0 31 127 0 0 127 127 82 51 0 90 40 127 0 0 66 0 73 0 114 0 127 3 118 
0 0 0 103 0 40 0 127 127 90 0 0 0 119 127 127 0 0 127 17 0 0 113 74 127 82 124 60 0 127 0 0 
0 93 39 3 127 0 16 8 0 54 0 49 75 0 0 51 27 107 127 32 127 0 80 48 0 127 88 97 0 39 0 39 
4 0 111 0 0 0 0 0 127 60 0 0 127 0 127 127 71 0 11 0 0 0 64 0 0 0 0 127 0 55 22 113 
127 37 0 0 0 0 0 0 0 127 0 0 64 127 3 127 27 0 118 0 81 0 0 0 127 0 0 0 66 0 92 0 
52 0 0 0 127 81 0 35 0 89 73 0 20 43 119 0 0 0 0 99 127 62 0 3 127 81 95 127 0 0 84 0 
0 3 0 127 98 0 42 0 8 127 127 0 6 127 0 46 0 13 0 0 0 0 0 58 0 127 0 127 127 12 127 0 
0 0 69 0 0 127 0 119 0 0 0 0 127 127 3 86 0 0 0 42 127 0 127 0 0 0 0 0 127 100 0 0 
127 127 0 0 0 0 127 55 127 98 0 50 106 24 19 0 127 0 109 0 0 0 48 0 0 127 127 88 127 127 0 99 
13 0 127 0 0 126 127 13 0 0 0 0 127 127 0 0 50 25 0 0 0 127 0 0 91 127 0 127 127 0 0 0 
99 45 127 0 41 127 0 127 127 13 60 0 0 127 0 127 46 40 92 0 127 0 0 0 127 127 0 0 10 127 0 70 
4 127 80 0 0 127 0 0 107 0 110 0 0 95 0 23 0 127 27 22 32 4 0 17 0 108 0 0 0 118 0 0 
0 0 0 49 127 127 127 0 18 0 118 0 127 0 0 0 44 0 127 0 93 127 0 32 0 0 30 0 0 0 0 16 
0 0 127 0 7 20 0 84 47 0 0 0 0 105 0 96 127 98 127 75 124 0 0 127 0 0 127 127 0 0 0 0 
0 30 34 60 127 118 0 0 111 0 66 0 0 0 0 0 0 31 0 0 127 21 0 55 0 127 127 127 0 0 127 24 
0 46 127 127 0 0 0 74 0 124 0 0 0 127 11 127 127 0 0 0 108 0 0 0 0 0 0 0 0 127 127 127 
127 0 0 0 88 127 0 127 0 0 74 0 0 69 106 127 0 0 118 0 0 127 127 31 127 11 2 127 127 127 127 0 
89 0 0 88 0 0 0 49 0 127 127 0 68 127 0 0 48 0 0 127 127 0 127 51 0 0 0 0 39 0 127 107 
0 0 0 0 0 0 0 0 0 127 0 127 95 0 127 127 62 0 27 0 0 63 0 118 84 127 105 69 0 11 67 0 
0 127 15 0 0 127 0 0 55 0 0 127 127 0 127 0 82 117 0 0 0 0 0 64 97 14 0 0 0 127 72 0 
0 0 0 0 0 127 33 0 127 99 127 0 0 0 0 0 0 127 0 0 0 44 33 127 44 0 0 0 0 0 0 19 
12 0 127 83 127 0 117 127 0 0 0 0 0 127 61 0 127 0 0 0 0 0 0 0 0 0 0 0 0 117 39 68 
0 0 92 0 0 127 127 0 0 94 0 5 127 10 127 106 66 127 83 3 68 53 74 0 0 3 65 0 11 53 76 0 
95 43 72 0 0 12 0 0 23 96 0 0 127 103 127 0 0 117 70 39 127 127 105 0 0 0 112 0 52 0 73 0 
127 96 0 0 45 77 127 127 109 114 0 66 127 0 0 40 0 41 0 0 103 0 18 115 127 0 63 0 30 0 93 0 
0 14 127 0 127 127 0 29 127 127 0 45 85 0 127 76 0 83 0 0 127 32 95 1 0 0 127 0 0 60 127 0 
127 69 13 0 2 36 127 10 0 0 0 0 7 0 0 0 127 0 0 0 0 0 0 0 101 0 127 127 15 127 127 15 
84 0 0 116 127 0 0 82 33 0 127 0 0 0 0 0 2 127 0 23 127 0 124 0 0 0 45 127 0 0 32 0 
127 0 0 93 127 127 127 127 0 0 37 46 33 55 0 0 28 127 127 56 23 0 0 0 0 36 0 33 0 127 109 0 
0 127 0 78 65 0 0 41 8 4 127 0 0 0 0 0 0 0 0 3 0 127 69 0 0 127 0 43 0 12 0 127 
0 87 125 0 0 0 60 0 127 0 88 0 0 92 59 0 0 0 127 0 57 0 61 0 116 28 0 0 0 0 0 127 
34 127 0 58 0 0 127 0 127 0 0 127 0 0 22 0 75 0 0 0 0 44 0 127 0 127 10 52 34 0 0 0 
0 119 127 0 127 127 0 127 0 0 0 0 0 0 0 0 0 0 106 127 127 0 94 0 127 127 38 127 78 58 127 64 
127 0 16 1 59 127 0 15 0 0 127 0 0 0 0 49 57 127 0 0 0 50 0 0 0 21 40 72 40 0 6 83 
0 0 127 0 0 127 127 127 127 0 108 127 0 2 0 127 0 0 0 20 12 92 0 35 122 0 47 0 0 10 0 0 
127 0 127 0 3 116 0 127 43 39 108 0 111 127 81 0 0 0 0 0 0 0 118 0 127 127 0 68 127 127 14 18 
0 50 6 0 65 0 25 127 0 0 17 127 0 71 0 0 0 0 0 0 127 0 35 0 0 0 0 0 0 0 0 0 
30 109 127 12 127 0 0 0 2 60 127 0 86 127 104 127 37 0 0 0 3 127 0 0 127 127 0 0 0 81 127 26 
127 5 18 87 0 0 0 0 0 0 0 0 127 127 0 48 127 0 0 0 0 0 0 0 119 0 3 0 0 127 0 0 
0 0 0 68 127 12 0 116 127 0 90 46 0 77 0 92 127 94 127 0 0 31 0 18 0 0 0 0 127 0 127 0 
127 0 127 0 127 0 127 0 0 36 0 0 93 6 0 0 0 0 127 127 0 0 0 82 109 0 0 127 21 127 0 0 
0 0 0 0 0 0 97 0 123 127 0 122 76 0 0 127 34 0 0 0 44 127 76 0 33 120 0 56 4 0 0 0 
0 64 78 127 0 127 88 0 0 33 0 96 127 0 4 127 0 31 0 0 0 0 4 61 0 0 0 21 0 127 66 116 
0 96 127 96 27 127 0 127 0 0 127 0 0 0 123 127 127 0 20 51 0 0 127 0 0 127 0 97 0 127 113 26 
9 8 5 0 0 0 53 50 0 0 42 0 127 0 15 0 0 0 81 0 127 0 24 127 127 0 127 0 0 0 127 127 
75 0 0 40 0 0 0 46 0 0 0 0 0 0 62 127 127 3 46 127 127 38 0 0 127 127 50 0 0 90 0 13 
0 0 0 0 0 0 127 0 39 95 0 0 0 0 0 0 39 127 11 0 9 0 39 47 118 0 127 67 46 107 127 0 
127 127 0 0 127 0 0 0 0 0 11 0 0 91 0 0 127 50 0 0 18 127 0 0 0 56 0 0 108 0 0 0 
127 2 0 0 99 0 127 50 0 117 0 34 106 0 0 10 127 0 0 0 127 0 0 0 0 0 127 30 127 0 0 127 
0 27 0 45 0 0 127 2 111 5 29 55 2 0 102 0 0 0 127 127 5 127 17 0 0 0 122 68 127 41 0 0 
0 0 127 89 0 120 0 71 0 0 0 0 0 92 107 127 0 0 0 11 0 0 0 21 54 0 0 0 0 51 127 42 
0 0 0 29 21 50 36 0 0 127 115 0 0 0 0 0 76 127 56 0 96 93 127 0 127 0 0 127 0 0 39 36 
52 123 11 108 72 127 0 12 62 0 28 0 34 112 53 0 7 54 0 25 125 53 0 63 0 33 0 0 127 66 44 0 
0 90 57 127 0 0 0 11 127 127 0 38 6 127 69 0 127 0 127 14 79 0 52 0 127 0 8 0 0 89 0 0 
127 0 0 54 0 127 0 0 105 0 0 96 0 0 0 0 0 81 0 0 127 0 0 0 123 0 0 0 0 0 37 127 
0 116 85 48 0 0 127 127 0 0 33 0 127 43 0 31 0 15 0 89 0 127 0 70 0 127 0 66 31 59 127 0 
127 0 127 0 72 82 0 0 0 11 127 0 127 127 0 127 127 127 0 0 90 57 113 127 127 127 0 127 109 0 127 0 
58 127 0 127 127 0 116 0 0 0 0 127 0 0 0 0 108 127 0 0 127 127 11 52 0 0 127 0 0 0 0 127 
0 0 127 0 0 0 78 0 0 127 0 0 0 123 0 0 0 0 0 127 0 36 0 0 12 0 28 0 0 23 86 76 
127 0 0 0 127 4 68 0 0 0 34 0 0 101 1 0 127 47 0 42 0 0 127 114 0 0 0 0 0 17 96 48 
0 0 26 0 127 127 0 2 0 0 73 26 0 0 127 0 0 0 78 23 0 127 127 127 0 31 63 0 127 0 0 41 
0 0 0 127 0 0 46 0 71 0 0 127 127 0 127 0 127 0 21 127 0 127 0 11 0 0 115 61 0 0 0 0 
101 19 0 0 54 127 127 0 0 0 0 127 127 0 0 1 0 0 127 0 97 0 127 0 0 127 121 60 21 0 0 2 
89 0 0 127 127 0 0 0 0 56 10 0 0 109 127 0 127 0 110 0 0 127 0 0 76 0 0 109 127 116 43 15 
0 32 127 0 70 127 0 0 0 127 127 28 80 73 0 44 0 127 0 0 127 0 0 127 107 0 0 0 127 0 0 5 
108 0 0 127 0 0 127 0 86 0 0 0 0 127 0 127 92 0 0 127 0 0 7 0 127 0 12 127 0 97 0 7 
2 21 0 0 75 0 127 127 69 0 0 32 53 0 127 0 59 0 127 78 97 67 0 0 19 0 0 0 127 0 127 0 
34 0 127 17 0 127 65 14 22 0 31 0 127 127 0 0 25 0 127 0 127 0 0 0 0 0 0 7 127 0 126 0 
0 40 127 85 0 0 127 108 0 32 0 0 127 0 107 0 0 0 127 127 0 127 0 0 0 6 0 0 0 0 87 42 
0 0 127 0 127 127 0 34 127 0 127 47 93 0 124 0 0 0 62 0 0 27 0 127 0 0 0 0 0 0 0 0 
0 85 121 1 127 0 127 127 0 0 57 26 0 127 55 127 10 0 127 0 96 0 0 0 125 104 18 127 127 83 0 0 
127 0 0 0 0 37 127 0 127 0 127 0 0 3 0 0 0 127 20 0 0 0 63 9 0 15 0 0 127 127 127 0 
0 99 127 20 0 127 0 0 53 0 25 0 0 0 59 0 127 0 0 24 0 0 127 0 32 0 0 25 0 0 127 0 
0 4 112 127 127 32 0 0 0 24 0 0 127 0 127 109 88 0 80 0 0 127 0 127 34 0 0 0 0 0 127 35 
0 0 79 0 127 11 0 0 28 0 0 0 0 127 0 102 0 38 69 0 86 0 0 0 0 0 127 82 127 0 126 53 
36 0 0 127 127 69 0 0 127 0 127 86 14 90 6 0 108 127 0 0 0 56 0 47 0 0 0 0 0 0 0 105 
0 0 118 0 127 0 0 0 87 0 12 0 0 82 0 0 0 48 114 2 0 117 45 127 127 0 0 127 127 47 0 0 
0 35 10 127 28 127 21 127 0 127 112 0 127 48 93 0 127 0 0 0 29 78 96 127 127 127 127 127 0 0 0 0 
127 0 127 79 0 24 124 0 77 0 127 58 15 0 0 0 106 61 71 27 0 0 108 0 127 0 0 127 0 127 106 127 
0 127 0 127 0 0 0 68 0 0 100 53 0 0 0 104 0 0 126 0 0 0 127 16 0 127 127 96 76 0 127 0 
0 10 74 127 127 88 0 67 0 104 127 64 58 63 9 0 8 0 0 127 90 72 23 0 0 68 87 0 127 0 40 58 
0 0 127 119 98 0 43 0 0 0 0 0 127 83 0 0 0 0 0 0 127 0 0 74 96 127 0 17 0 0 0 127 
67 94 51 21 0 0 0 0 47 127 0 0 85 0 0 0 16 0 0 96 0 127 0 0 0 75 48 127 0 0 0 20 
0 117 127 127 127 0 0 51 0 66 127 47 0 50 0 0 57 0 121 0 0 54 0 0 118 127 0 0 127 127 0 127 
127 0 127 0 0 0 0 0 127 0 0 127 127 127 0 0 0 0 0 0 0 14 119 0 0 127 0 0 127 77 0 127 
127 78 127 100 75 0 0 0 0 0 0 28 127 44 0 0 17 49 0 127 0 0 0 0 127 127 127 127 0 0 0 0 
0 0 127 127 0 107 127 0 0 127 127 23 41 127 0 122 0 0 0 31 0 0 0 0 55 0 0 0 0 127 127 0 
0 0 17 0 127 58 0 0 0 0 79 61 41 0 96 0 0 127 111 0 0 127 0 10 0 104 0 124 127 35 0 0 
0 0 127 127 120 127 91 127 90 0 0 0 0 69 0 17 0 36 0 102 127 71 0 0 0 0 0 0 45 0 0 65 
0 0 95 0 0 3 127 0 0 76 92 127 127 89 127 127 0 127 0 0 0 0 0 0 0 0 0 0 0 71 0 127 
127 0 68 0 0 127 20 113 0 0 0 127 0 127 44 118 0 54 0 0 0 0 127 87 127 0 63 0 0 127 127 42 
0 0 0 0 127 0 0 0 0 127 0 0 127 0 21 90 122 0 60 46 0 0 66 0 0 123 44 41 0 15 0 0 
127 0 75 127 127 61 0 13 0 52 127 28 116 0 69 106 7 0 0 0 127 56 0 0 14 0 0 127 127 3 0 90 
93 0 0 0 127 127 126 0 0 44 89 127 61 0 0 127 0 92 0 127 0 127 0 13 127 0 0 0 0 71 0 68 
51 0 127 127 0 127 127 0 0 0 0 0 127 91 0 127 0 0 0 0 0 36 0 120 76 0 0 0 16 0 0 108 
127 0 127 127 0 127 0 0 127 0 77 0 57 0 0 35 0 0 0 127 0 127 92 0 0 18 0 90 0 0 0 127 
0 0 0 71 0 127 127 0 0 0 127 0 67 115 127 41 0 0 127 127 127 0 127 12 0 48 0 0 0 16 0 0 
0 127 127 127 57 127 127 0 0 0 0 62 127 127 87 0 0 0 0 0 0 0 127 0 0 126 0 0 0 57 127 0 
0 48 0 127 0 56 0 0 0 125 32 0 124 94 0 0 112 127 127 0 0 127 0 0 127 0 0 127 127 0 111 127 
96 24 0 0 65 114 0 60 44 34 17 127 0 0 127 0 0 0 127 0 0 0 62 0 127 0 29 0 69 0 29 55 
127 51 0 78 0 0 55 0 0 0 127 0 127 0 50 14 122 0 5 55 88 127 127 127 17 72 93 127 0 0 0 0 
58 109 0 0 127 0 0 0 127 0 0 0 125 9 0 0 0 0 0 67 127 127 0 75 120 0 0 0 106 114 0 0 
0 127 0 12 109 0 0 0 0 21 127 104 120 63 3 45 88 114 127 127 0 34 0 0 127 127 16 10 0 0 77 39 
0 0 0 0 0 106 127 119 0 0 127 75 0 84 125 0 76 0 0 0 127 0 0 0 69 0 0 0 0 0 2 0 
0 0 0 0 0 0 94 0 14 77 0 0 127 0 70 0 0 0 15 81 0 0 0 10 32 126 116 0 127 127 50 0 
127 0 0 127 127 0 0 0 127 0 86 0 127 0 29 0 56 0 0 0 0 124 0 98 67 125 68 127 124 0 0 3 
0 0 47 27 94 111 61 67 81 127 127 0 0 0 0 0 0 40 0 0 0 0 0 0 127 77 127 98 0 127 0 0 
0 127 124 127 0 125 127 23 127 0 0 0 0 0 0 127 127 0 127 0 111 0 0 0 66 0 0 0 0 127 0 127 
0 0 127 0 0 127 127 44 0 0 0 0 127 0 0 127 0 10 0 124 74 0 97 0 0 37 67 0 0 127 127 0 
0 0 0 0 127 0 0 0 0 0 35 0 0 127 50 41 44 127 37 78 105 127 101 0 0 127 107 127 13 0 0 127 
127 127 127 0 0 0 0 0 70 45 0 109 127 123 127 0 82 0 0 0 0 0 74 127 0 0 0 0 127 0 0 0 
0 26 4 7 0 83 127 0 0 0 0 127 14 44 0 0 127 127 0 90 0 0 0 0 127 35 0 86 0 113 30 0 
0 107 0 127 127 112 0 0 11 0 0 0 0 0 62 127 0 127 0 127 0 50 0 101 57 0 22 81 127 127 0 0 
37 110 0 65 0 0 0 0 0 0 0 0 0 0 127 127 0 12 85 4 127 0 0 0 0 0 0 0 23 106 0 127 
0 0 0 28 0 91 0 0 127 0 3 0 127 0 0 71 0 5 0 0 0 0 0 0 0 0 92 127 0 47 127 87 
127 0 127 0 0 127 0 127 127 0 11 0 127 0 0 72 0 127 27 49 0 0 127 0 0 51 0 127 32 74 127 0 
0 112 0 127 56 0 38 127 127 67 0 0 127 127 0 0 0 127 0 0 30 0 0 39 12 1 20 64 0 30 0 53 
0 97 0 0 127 127 0 127 0 121 101 0 0 0 127 0 0 90 0 127 0 0 0 0 0 0 31 0 127 55 0 109 
0 0 0 0 127 0 44 46 0 0 123 0 0 0 0 62 0 0 0 0 127 0 10 50 17 37 75 39 0 16 0 127 
124 0 127 0 0 52 59 56 127 69 127 0 0 0 0 0 0 84 65 68 0 127 0 0 71 127 0 0 89 0 127 115 
0 0 0 127 0 0 0 61 0 77 0 0 55 0 53 97 127 0 0 127 0 0 50 73 127 127 64 0 0 127 98 0 
0 0 0 0 19 0 16 127 127 94 102 0 46 0 0 109 0 127 7 0 0 0 126 16 60 69 127 0 127 127 46 0 
73 0 127 127 81 0 127 20 106 82 127 18 0 37 0 127 79 0 103 0 53 51 0 0 127 0 117 0 0 0 0 48 
0 127 0 0 0 86 47 0 109 0 127 0 127 42 0 0 127 47 0 37 0 0 0 0 90 81 127 127 127 0 0 0 
108 118 0 0 127 0 0 127 89 0 0 127 0 29 0 0 0 61 0 50 72 0 0 120 0 127 3 0 127 0 14 0 
124 0 127 127 127 5 0 0 0 0 127 127 19 0 0 127 0 0 0 0 127 0 127 84 0 86 127 0 67 0 127 0 
0 0 0 121 48 127 127 0 0 113 0 0 0 0 127 0 127 127 99 115 0 0 0 0 127 58 13 127 0 127 0 25 
0 36 127 0 0 0 0 123 127 40 0 54 127 0 0 127 0 52 0 120 22 0 0 0 89 127 127 88 0 127 43 0 
127 0 0 70 79 0 0 15 0 0 127 0 127 67 27 127 114 127 0 0 127 127 0 0 110 108 0 0 56 13 85 0 
0 0 0 0 0 7 46 127 127 119 127 0 67 14 92 0 127 127 0 14 0 97 0 107 50 127 0 127 57 127 0 127 
127 0 127 127 73 127 11 127 63 0 0 0 0 65 85 69 0 0 0 0 0 0 7 0 127 127 2 0 127 0 127 127 
25 0 127 0 0 0 127 0 26 127 104 0 0 0 0 107 0 0 86 0 0 0 15 0 127 83 0 107 127 0 0 127 
0 0 0 127 104 127 0 94 40 0 127 44 127 90 20 127 127 0 0 0 127 127 27 101 44 0 0 127 0 0 0 0 
0 0 127 111 0 20 127 69 127 35 127 127 102 0 20 123 0 0 0 0 0 0 38 0 0 127 102 0 127 44 0 127 
0 0 0 0 47 0 109 127 127 0 0 0 127 0 127 0 66 0 127 2 127 30 125 0 0 89 127 0 0 127 127 43 
0 79 0 0 0 127 127 0 0 68 0 0 127 4 127 0 0 0 127 127 127 0 127 55 9 0 0 0 0 95 0 127 
18 22 0 0 0 4 0 0 6 0 0 0 79 0 0 0 21 0 127 13 0 0 0 0 0 0 127 112 127 0 127 127 
127 0 0 0 0 127 27 0 0 23 28 0 45 0 81 127 119 30 0 0 16 0 0 20 0 0 127 33 127 127 127 79 
0 0 0 0 127 0 39 0 127 7 0 69 127 127 0 10 0 43 0 85 0 127 127 0 55 127 0 0 127 0 33 127 
127 29 0 29 0 4 127 0 127 97 0 0 0 16 0 0 0 0 14 127 0 85 108 0 66 90 0 127 0 0 0 127 
0 127 0 75 37 0 0 0 98 104 127 0 10 0 42 100 0 0 0 0 0 60 38 11 0 0 75 127 19 38 19 0 
0 0 0 127 0 0 127 0 127 30 127 127 119 0 10 110 127 0 0 47 127 29 0 0 0 0 0 2 0 0 0 0 
0 0 0 0 12 0 44 0 0 53 0 110 0 70 0 127 127 127 0 127 127 127 41 10 49 127 0 127 0 0 112 49 
127 47 0 0 0 67 127 0 127 104 0 0 127 94 0 0 62 0 0 52 29 64 0 27 0 127 19 28 0 127 29 0 
41 51 91 127 105 0 58 0 0 127 119 110 88 127 0 34 127 0 127 0 102 0 74 0 0 0 127 0 19 0 0 0 
127 127 0 0 0 0 127 126 0 127 0 0 127 127 0 20 68 127 0 50 127 0 0 0 29 77 93 7 0 27 0 59 
0 124 113 50 97 127 0 127 64 127 127 0 0 0 0 41 0 0 0 45 127 18 0 127 127 0 0 0 0 0 9 0 
0 0 32 0 127 0 0 38 72 0 31 0 127 0 127 127 0 0 127 0 0 0 0 0 90 127 127 127 56 127 126 0 
127 0 29 0 0 0 78 52 51 127 0 0 85 78 127 0 127 118 4 1 95 0 0 127 101 0 127 93 0 0 52 0 
115 127 0 0 0 76 101 127 111 103 0 127 0 0 121 0 0 0 0 29 0 127 127 100 15 38 78 0 0 26 0 87 
0 0 0 0 127 0 0 0 0 0 0 0 117 0 0 127 95 0 0 22 127 58 9 28 0 49 114 127 64 0 109 0 
0 127 0 0 0 0 0 0 95 127 127 0 65 101 0 0 0 0 0 48 0 127 23 127 0 0 77 0 0 0 0 63 
0 79 81 92 0 0 8 75 127 0 127 0 127 0 0 127 0 0 112 0 0 97 0 127 0 0 116 0 0 0 0 0 
127 0 57 105 127 127 44 0 113 127 127 0 41 37 0 127 34 7 127 64 0 0 0 0 0 0 0 0 0 3 127 127 
127 0 0 0 0 0 0 0 0 0 127 66 20 54 98 103 0 0 95 0 0 1 95 0 127 35 0 21 32 51 0 127 
0 0 46 72 127 0 0 0 61 37 0 0 0 0 127 0 0 93 127 30 0 0 59 0 12 127 127 127 0 113 54 0 
79 52 0 63 29 0 0 79 127 0 0 0 0 115 119 0 127 127 0 42 78 47 0 127 96 81 65 0 0 35 13 0 
0 17 0 0 127 0 0 26 8 127 0 117 0 0 0 127 0 0 93 0 93 22 0 29 0 5 0 0 127 0 0 0 
46 127 0 18 125 5 127 127 0 83 0 0 95 88 40 0 0 127 26 78 0 94 0 74 127 0 0 0 0 112 127 127 
100 0 0 0 0 0 64 37 0 127 0 127 0 0 126 65 66 71 56 0 0 0 0 108 127 43 127 67 127 0 0 0 
127 63 0 0 95 127 32 0 15 0 0 0 127 0 0 0 0 127 0 0 127 0 0 125 28 0 0 68 57 0 0 14 
0 0 0 0 104 54 0 0 127 0 127 127 31 127 0 0 0 96 12 101 127 0 4 127 47 15 0 127 0 0 0 0 
127 127 127 127 0 127 127 25 127 0 17 0 0 0 0 127 127 0 38 0 3 76 0 2 8 7 0 122 127 0 127 0 
127 11 17 84 127 29 0 81 13 0 0 127 0 0 127 0 0 0 0 127 0 0 127 0 0 0 0 14 63 0 0 9 
0 0 0 0 0 127 0 0 0 12 97 0 0 0 0 44 0 0 127 12 0 127 0 0 127 0 0 117 0 72 0 27 
0 72 127 0 0 123 0 0 30 0 0 48 0 13 0 127 0 0 0 0 47 0 105 0 72 0 0 0 0 0 0 58 
0 0 123 0 0 60 127 38 0 0 127 47 127 0 0 127 0 17 0 91 0 19 127 127 0 0 0 0 0 127 0 0 
0 0 0 0 94 0 50 52 127 104 0 106 0 0 2 44 11 91 0 127 40 65 127 18 0 0 0 127 0 11 0 0 
0 0 64 0 22 26 0 0 127 0 0 127 0 0 37 0 46 0 78 68 0 0 53 0 127 0 0 83 0 127 11 0 
127 0 127 120 0 0 69 127 127 127 0 24 127 0 0 18 92 0 7 0 127 0 0 0 0 0 56 0 0 0 0 65 
127 0 127 20 76 0 127 0 0 65 0 0 70 0 0 17 3 0 127 116 127 127 0 0 127 0 0 46 24 0 29 69 
0 0 0 91 0 68 0 0 127 18 0 14 127 29 31 109 127 127 0 0 0 0 0 0 0 127 44 0 127 39 0 127 
127 50 114 23 127 127 127 0 0 0 0 0 127 0 18 127 15 0 39 4 75 127 0 96 127 127 59 0 72 0 0 127 
0 0 127 90 0 46 127 16 0 14 106 0 0 0 0 0 127 60 46 7 28 0 36 28 35 0 0 127 0 0 16 127 
123 127 94 13 0 127 120 127 15 127 0 127 127 0 0 63 0 0 127 127 77 127 0 0 127 70 0 106 0 0 0 0 
0 127 127 0 0 0 98 127 0 0 0 63 0 86 0 0 0 18 0 0 0 0 0 46 0 127 0 127 127 0 127 0 
127 0 127 127 0 127 0 0 127 0 0 27 0 38 0 0 68 127 127 0 127 127 0 38 0 80 0 62 0 38 127 127 
19 23 0 0 88 0 0 55 127 0 0 0 0 90 2 0 0 0 127 0 17 127 0 127 127 0 0 127 0 0 127 0 
0 125 53 35 127 127 33 0 118 117 0 0 0 127 0 0 31 0 34 0 127 0 23 0 0 127 72 0 0 81 75 0 
0 39 127 102 0 127 127 0 0 127 5 90 76 80 109 0 127 0 0 0 37 82 81 0 0 0 73 127 11 0 0 86 
28 127 0 0 114 0 0 127 73 0 0 4 0 9 0 127 0 0 0 0 127 0 0 0 0 0 0 9 127 0 55 0 
127 0 61 0 0 0 0 0 127 80 98 0 43 127 36 0 68 0 0 0 127 0 0 90 87 0 0 84 0 0 127 19 
127 99 0 112 127 0 127 0 0 24 127 2 127 90 0 0 0 0 0 0 73 0 2 49 0 0 0 121 23 0 88 127 
78 0 60 96 121 0 127 0 0 24 82 0 0 0 0 127 0 0 0 0 107 0 0 0 0 93 48 82 4 44 17 0 
0 54 0 127 0 0 0 0 0 31 0 127 77 127 0 127 127 5 116 5 127 127 0 4 96 127 127 0 0 0 127 14 
127 0 10 127 33 50 127 0 0 89 0 0 0 0 0 0 0 82 127 0 48 0 0 109 66 46 107 0 0 0 46 0 
0 0 0 119 0 76 127 0 126 5 50 0 15 0 0 18 42 0 12 16 127 0 1 0 0 127 109 65 55 65 0 0 
127 0 127 0 86 126 127 62 127 64 17 62 46 0 53 71 0 127 0 0 0 0 70 53 127 0 86 127 115 127 0 50 
127 0 0 0 0 48 0 0 127 80 75 0 127 0 49 0 0 0 91 127 0 0 0 127 0 0 117 39 0 0 0 44 
33 0 60 2 0 33 68 0 127 0 0 0 74 0 0 0 0 0 0 0 13 0 0 0 0 0 127 127 61 0 0 0 
93 0 127 0 127 0 0 41 12 98 127 0 0 51 127 0 0 20 127 0 0 0 39 118 0 0 0 69 95 63 127 24 
0 33 0 82 113 47 0 41 127 0 64 127 0 90 10 0 83 60 0 0 0 127 0 0 127 0 11 0 127 12 98 127 
0 0 127 0 0 0 127 77 127 127 0 0 127 127 0 0 0 0 0 127 0 0 112 0 0 63 14 0 0 57 0 127 
0 74 0 127 0 127 127 0 52 40 115 0 31 0 99 63 67 0 0 0 84 127 0 0 0 127 127 82 40 0 105 0 
127 0 127 111 127 0 127 111 127 0 65 127 0 19 79 0 0 0 0 0 0 0 99 38 30 69 127 99 127 0 127 0 
127 64 0 0 0 98 90 0 0 32 51 0 127 0 5 96 0 0 0 93 0 0 0 0 127 0 127 127 74 127 0 22 
0 127 127 127 127 127 0 0 127 0 0 0 70 0 0 127 0 55 0 83 0 106 14 0 0 122 0 127 127 127 127 0 
127 0 123 0 0 35 0 53 0 0 127 0 0 0 0 0 0 0 70 57 38 0 0 0 78 0 0 123 0 0 0 0 
0 0 0 127 127 0 127 60 127 127 0 0 127 0 14 0 0 0 127 0 127 127 0 0 68 41 127 58 0 89 0 0 
33 0 25 127 38 33 107 127 127 0 127 34 78 0 0 127 46 0 0 127 127 21 0 0 0 0 9 127 0 127 0 0 
0 48 127 127 84 18 114 29 0 84 127 127 0 0 0 127 0 0 0 0 0 127 108 0 31 0 0 127 0 58 127 0 
0 56 18 127 127 45 127 127 0 127 0 0 0 0 0 0 0 120 0 0 0 0 0 0 0 127 20 0 0 53 127 59 
127 5 127 72 65 55 127 0 0 113 0 0 74 72 111 0 17 57 118 127 127 127 23 0 127 0 0 124 0 76 0 0 
67 4 0 76 8 0 2 0 53 62 0 0 127 0 117 0 127 0 91 46 0 0 0 0 50 0 0 0 39 98 0 6 
127 0 127 0 0 127 65 49 127 0 0 0 127 0 0 127 0 27 0 0 90 1 124 32 0 66 0 127 0 75 0 0 
0 106 0 0 0 127 117 28 100 0 127 23 0 0 112 84 0 64 0 0 0 0 0 0 0 127 105 127 89 0 64 0 
127 127 14 127 0 111 0 0 127 127 84 0 127 97 21 0 127 22 0 0 0 95 41 14 41 0 112 0 20 127 127 0 
0 127 55 0 51 44 0 0 0 0 0 0 119 0 127 72 60 0 127 0 126 0 13 0 0 127 127 0 39 78 72 0 
127 0 75 0 30 127 0 0 0 78 0 0 44 0 0 123 0 0 0 0 0 0 0 68 0 0 84 100 105 21 0 91 
0 0 0 4 127 0 0 0 127 17 127 116 0 15 0 0 0 127 0 0 127 0 0 0 0 89 127 127 0 19 69 127 
0 122 127 127 0 127 94 0 0 109 0 0 99 0 14 90 5 0 0 127 0 50 66 0 0 0 0 33 0 25 127 40 
0 83 127 0 127 1 127 127 0 127 0 0 127 127 76 0 127 0 0 106 127 0 0 7 0 0 0 0 5 127 24 127 
122 99 127 127 0 83 92 0 15 56 0 0 28 0 0 0 42 0 0 0 15 60 23 0 4 127 43 127 127 127 0 0 
0 24 0 0 110 127 0 0 54 0 127 0 127 127 80 127 0 46 127 4 7 0 127 0 0 0 0 0 38 0 0 127 
0 0 0 0 55 127 0 0 0 73 0 127 53 0 123 72 127 47 13 0 127 93 0 0 0 78 0 0 49 0 0 127 
127 44 127 19 41 0 75 103 0 127 65 0 95 0 127 64 0 0 0 98 0 0 41 0 20 55 19 0 127 0 0 127 
20 65 127 0 0 0 0 32 0 0 0 127 0 127 0 0 0 10 0 75 0 99 127 0 0 102 0 0 0 0 127 0 
0 20 127 90 104 127 0 23 127 0 15 0 116 0 0 27 127 12 0 127 0 90 97 127 0 0 0 0 0 0 0 0 
0 0 8 0 109 0 0 0 56 0 75 127 91 0 127 0 127 0 92 0 0 0 0 127 59 71 127 0 0 123 0 10 
6 61 60 0 0 55 127 0 0 0 0 123 0 0 70 0 10 127 33 0 0 0 0 21 0 127 118 0 0 96 0 127 
0 120 0 127 45 13 127 23 33 0 0 0 0 127 0 5 90 0 0 78 1 127 27 0 0 0 113 127 127 107 0 0 
0 0 0 0 47 0 127 127 127 0 127 54 0 0 0 20 75 127 117 0 64 127 37 0 127 0 0 0 53 0 0 127 
121 0 13 39 127 65 77 71 127 0 0 127 20 0 0 127 65 0 127 63 126 127 86 0 0 27 0 0 0 127 41 0 
126 77 127 73 127 0 25 106 0 127 127 0 0 0 127 127 119 81 38 0 0 104 127 118 0 0 127 0 0 0 0 127 
0 71 0 0 14 0 0 0 0 127 0 127 0 0 127 127 0 0 75 0 0 127 16 127 0 127 0 0 0 0 59 105 
127 113 84 127 127 127 90 0 0 36 54 0 0 65 0 0 127 127 127 0 127 0 0 124 127 127 127 0 127 109 0 127 
82 0 0 0 127 0 127 127 51 23 65 127 0 0 0 116 0 127 127 0 93 127 0 0 18 0 0 127 0 127 127 0 
6 93 0 0 4 0 0 0 0 0 17 0 127 81 0 0 0 0 77 37 8 0 0 0 3 0 0 0 49 0 0 6 
0 0 0 59 0 0 127 94 0 22 115 0 68 102 104 16 0 0 127 0 0 0 0 52 0 17 0 0 0 43 0 127 
63 0 0 0 127 127 42 0 0 57 0 0 127 127 127 0 127 127 0 27 0 68 95 31 72 0 77 0 0 0 53 2 
22 114 0 0 0 0 0 0 0 46 0 0 0 0 0 0 0 77 0 0 85 0 0 0 0 0 30 0 79 0 0 14 
0 127 0 53 7 40 0 127 127 0 0 127 0 0 0 0 0 0 0 127 67 127 127 0 0 35 127 0 55 19 0 93 
60 0 0 0 83 110 57 127 0 0 0 127 0 21 15 0 127 15 127 0 0 0 15 53 8 0 0 0 20 52 3 127 
0 41 0 0 29 0 58 23 127 96 0 0 0 93 0 0 0 127 113 0 28 127 127 0 0 127 0 9 0 127 127 103 
89 127 0 0 0 127 127 62 85 0 0 43 0 127 122 0 127 126 73 0 12 72 0 2 0 52 73 0 0 127 127 0 
15 0 127 0 127 0 0 0 13 98 0 0 127 127 67 127 0 0 0 0 60 0 0 0 0 65 127 0 0 24 0 0 
0 0 0 25 20 15 70 127 74 0 0 0 89 127 0 0 0 0 127 127 127 74 0 0 0 127 0 0 0 57 0 0 
127 127 0 68 0 127 0 82 0 101 0 8 23 39 127 97 127 0 86 0 0 0 111 0 106 0 0 127 1 0 0 119 
78 127 6 56 0 127 31 119 127 127 0 0 9 41 74 0 94 0 0 0 127 127 5 101 72 10 0 0 31 53 0 54 
0 0 125 47 0 127 0 0 54 36 0 0 127 116 127 0 0 10 0 0 0 0 0 49 0 0 0 0 0 0 37 0 
0 0 0 93 0 0 127 0 15 0 0 0 25 16 36 127 12 127 127 0 0 0 0 127 0 0 127 127 127 123 0 3 
0 0 0 0 40 127 10 21 0 108 0 0 0 127 0 127 12 90 70 0 116 0 127 0 0 127 28 83 0 0 108 120 
127 89 0 127 0 0 127 127 127 45 0 88 109 0 127 0 0 127 0 127 0 0 0 0 127 86 39 0 48 35 0 127 
0 0 81 0 11 24 0 0 74 8 127 127 18 0 0 27 82 43 0 42 0 127 93 52 11 65 127 0 0 85 0 0 
0 63 127 38 0 0 0 127 127 119 0 8 0 0 0 45 94 72 0 74 127 0 39 0 80 0 0 29 0 0 0 0 
0 0 8 95 127 127 0 0 127 96 56 0 127 42 0 127 0 0 86 10 0 127 0 101 69 115 0 0 0 123 0 0 
0 0 127 127 0 18 0 127 100 37 0 26 34 0 23 127 0 91 127 0 127 0 112 0 0 0 0 0 127 0 0 0 
37 45 88 0 28 0 0 127 64 0 4 0 0 24 3 127 0 0 0 0 127 0 0 0 0 127 0 105 127 63 127 0 
61 44 0 0 0 0 54 15 0 0 0 0 0 127 69 0 127 0 127 127 0 127 0 0 1 0 65 39 0 91 0 0 
0 62 0 36 0 0 127 68 127 0 23 58 75 0 21 0 80 83 0 87 0 99 127 69 0 0 0 56 0 0 0 70 
127 0 0 0 86 52 0 0 127 0 0 0 0 49 0 109 127 93 22 127 6 26 16 10 0 75 0 0 0 127 103 127 
112 0 24 0 0 127 110 0 57 127 127 118 127 0 127 22 101 0 6 0 127 0 34 0 65 83 127 127 47 127 52 25 
5 123 16 11 95 0 0 0 127 0 47 127 66 27 0 0 127 0 0 70 121 2 0 0 3 100 63 127 121 0 0 127 
41 0 0 0 0 0 19 46 0 127 0 0 83 47 0 0 127 0 127 127 47 18 0 49 0 0 0 127 0 112 0 44 
0 127 55 127 93 127 86 0 127 0 127 0 56 0 68 127 127 0 13 0 50 47 0 5 0 0 96 127 0 0 0 0 
127 0 118 127 127 111 127 127 37 0 127 0 0 37 127 110 0 0 0 0 127 127 113 127 127 0 0 0 0 69 0 0 
0 0 0 127 0 0 115 104 0 0 0 7 78 0 0 0 0 7 41 0 0 127 7 76 103 0 68 127 0 0 0 127 
0 127 127 81 0 106 50 15 0 73 0 0 0 65 0 127 0 0 10 127 0 127 0 87 0 127 0 0 0 127 127 0 
103 0 127 120 23 127 0 0 0 127 0 0 0 4 127 0 91 0 67 0 127 127 106 44 127 127 0 0 0 0 0 68 
0 27 127 4 127 127 0 0 74 0 0 127 100 53 127 86 127 127 0 0 127 0 0 0 0 127 103 0 0 127 0 127 
0 73 2 0 127 0 127 0 127 127 93 127 0 69 0 127 0 127 0 29 18 127 2 0 90 121 0 87 127 127 1 127 
127 0 0 0 127 0 0 0 9 0 49 127 127 0 0 88 127 71 127 21 0 127 80 127 0 0 29 41 0 0 0 0 
127 0 99 0 0 56 127 0 127 127 0 114 0 10 0 0 47 0 127 0 76 0 0 36 0 0 0 0 127 0 0 0 
13 0 0 18 127 0 0 0 116 127 0 0 0 0 0 97 0 0 0 0 115 0 0 0 0 0 127 0 127 127 127 9 
0 91 106 48 54 0 0 86 46 0 127 0 0 127 16 0 77 10 127 0 119 127 26 127 0 0 0 0 0 0 127 127 
69 35 0 0 0 0 127 0 49 88 0 35 0 124 127 0 87 0 1 0 127 77 40 125 127 127 0 127 127 85 0 0 
79 127 0 0 0 0 0 0 0 0 0 86 127 0 0 0 127 62 127 119 104 127 24 9 0 0 97 0 32 0 127 127 
0 107 59 16 13 127 0 127 0 0 0 127 18 0 0 0 127 8 127 0 127 0 0 121 93 0 127 116 0 0 0 0 
127 0 127 0 0 0 0 25 100 0 0 0 127 127 127 0 127 0 0 8 17 65 100 0 0 0 127 0 98 0 127 0 
0 0 127 66 0 127 110 127 76 52 0 127 0 0 0 0 116 0 15 0 0 55 25 0 0 2 0 127 0 0 43 0 
0 0 24 68 0 0 0 121 127 0 127 0 0 2 127 0 127 0 0 0 0 0 0 0 0 0 38 0 127 0 121 4 
127 73 127 0 50 55 92 0 0 0 127 0 105 0 43 0 0 26 4 125 127 31 0 0 11 0 4 0 0 84 0 0 
0 0 0 0 0 0 127 0 127 51 0 127 0 0 0 0 0 0 127 0 127 0 118 0 0 0 0 127 127 0 0 108 
23 0 127 127 127 18 0 0 0 0 0 127 103 14 0 127 0 25 0 39 127 0 95 39 0 127 54 50 27 20 127 0 
127 127 127 127 0 0 127 44 0 123 0 0 0 0 127 127 75 101 127 0 43 92 0 0 0 71 113 127 0 29 0 79 
0 0 0 43 0 127 0 0 121 0 127 1 110 0 0 70 0 0 0 27 127 0 0 0 127 127 90 127 0 0 0 0 
127 0 0 0 0 0 0 0 127 127 0 0 0 9 127 127 127 71 0 78 0 26 0 42 0 0 6 8 127 0 67 127 
0 0 22 0 0 113 0 67 114 17 0 106 0 0 72 127 98 0 0 0 60 0 124 9 0 0 0 0 0 59 105 127 
0 69 0 127 0 41 62 127 127 120 0 0 0 0 0 127 0 0 84 39 0 127 0 30 0 0 0 0 0 127 127 127 
0 0 127 127 26 0 0 0 0 0 25 0 70 0 0 0 127 0 74 127 39 0 100 0 127 0 0 0 0 0 0 53 
127 0 119 93 0 127 127 62 85 102 0 119 127 68 127 0 127 110 0 0 36 0 112 0 0 0 0 0 63 0 127 0 
0 27 59 127 127 0 0 0 127 55 26 0 71 0 127 0 6 0 3 0 0 0 0 0 116 0 0 54 0 0 100 0 
63 0 51 49 69 107 0 0 127 94 12 33 120 95 127 0 0 9 0 0 10 0 127 0 0 127 0 0 0 127 0 0 
111 21 127 0 0 13 127 41 0 0 0 127 0 72 0 53 123 65 74 127 0 57 0 0 0 0 0 5 127 71 0 0 
0 0 0 0 42 127 55 102 0 0 127 0 127 67 127 5 0 0 0 0 42 127 127 80 62 100 0 38 0 23 0 119 
40 127 50 127 0 127 127 0 0 0 0 0 0 65 101 0 44 0 18 0 63 81 0 0 87 5 110 127 0 0 127 0 
0 127 62 0 0 127 127 0 127 0 52 0 0 0 17 0 127 123 127 127 0 0 0 0 0 0 85 0 103 0 0 0 
0 100 127 0 104 127 8 76 0 127 127 0 127 127 0 127 127 127 69 65 0 127 127 0 0 0 0 0 87 77 0 0 
12 127 98 89 106 127 127 34 127 0 127 29 120 15 83 12 0 127 0 61 127 127 0 127 0 0 50 0 40 88 0 0 
0 127 0 0 127 94 0 104 19 127 0 0 127 119 127 0 27 27 25 17 0 0 127 0 0 127 127 0 0 127 28 75 
0 0 83 127 0 0 127 33 81 0 0 0 0 39 0 41 0 0 0 127 0 127 63 0 60 0 0 127 127 127 0 0 
0 107 0 87 0 0 127 0 0 88 103 0 79 0 0 0 127 45 127 0 0 1 127 61 0 28 0 91 117 21 127 0 
0 111 127 68 0 0 0 0 14 40 33 127 0 127 0 70 46 33 0 48 127 0 68 0 0 35 6 127 121 19 127 30 
113 0 127 28 0 127 1 127 0 35 21 127 127 39 67 127 127 0 127 0 56 0 1 0 0 127 0 116 0 0 24 75 
0 0 65 0 0 97 127 0 0 79 127 84 0 0 39 127 93 0 0 13 0 0 0 39 0 0 0 127 0 0 4 0 
0 75 127 127 0 104 0 0 0 0 127 115 67 91 0 0 0 39 31 91 127 0 0 127 0 0 90 127 51 0 0 0 
0 89 0 30 127 0 0 127 126 51 0 0 0 0 127 127 0 85 0 127 0 0 22 127 111 127 126 0 53 54 0 127 
41 0 0 127 0 127 127 0 3 0 77 0 127 0 0 0 0 1 92 0 0 22 80 75 0 0 28 127 127 8 0 127 
0 0 0 0 0 76 0 3 0 0 0 127 0 69 0 35 0 0 79 0 72 0 0 0 0 20 127 0 56 51 38 0 
127 58 0 0 127 6 25 0 0 35 48 127 127 0 0 0 106 17 90 0 127 0 0 11 0 0 0 90 127 0 0 0 
0 0 0 22 127 127 0 22 127 0 0 0 127 111 127 36 0 93 0 11 127 0 0 62 127 0 127 127 0 112 0 31 
127 0 2 0 32 0 0 0 77 0 0 0 0 0 0 0 127 42 0 34 0 127 0 0 0 0 127 127 0 0 0 127 
0 127 0 58 67 0 0 0 0 49 127 127 0 127 11 71 0 0 0 51 127 0 40 69 36 0 33 0 0 0 0 0 
0 60 102 0 4 0 51 84 105 0 0 0 127 0 32 35 0 0 127 127 0 127 127 84 0 0 0 0 127 0 0 127 
0 0 0 127 127 0 127 5 87 0 127 6 0 0 55 127 0 0 127 0 127 0 127 127 0 84 127 0 0 127 0 23 
0 0 0 36 0 60 88 0 80 0 0 127 17 0 0 87 32 125 0 22 0 61 127 0 66 0 0 0 64 0 0 0 
0 0 0 0 111 22 127 127 127 0 35 58 0 0 101 0 121 127 127 64 127 127 127 126 0 0 0 14 127 0 0 127 
127 0 11 0 35 127 88 21 127 0 0 0 9 0 105 36 127 36 0 112 100 0 0 0 127 12 70 76 0 86 0 0 
127 0 0 95 127 0 127 48 0 127 127 0 4 0 0 0 0 0 84 69 64 0 127 57 1 0 127 61 0 0 0 127 
26 127 0 82 0 16 127 31 6 62 0 124 127 0 0 0 0 0 69 0 127 37 0 127 86 67 127 92 127 0 58 68 
0 0 0 127 21 66 0 62 48 11 9 0 127 121 127 0 0 102 127 51 87 127 0 0 8 127 24 0 56 0 0 39 
0 0 0 29 0 0 115 0 78 0 25 42 127 0 0 112 127 19 127 13 127 127 127 120 0 127 127 39 0 0 0 45 
127 0 127 0 0 0 0 0 0 127 0 0 9 0 109 0 88 0 0 0 81 0 0 127 44 127 127 127 127 0 127 91 
0 0 127 127 0 33 127 6 127 127 0 0 0 0 124 0 127 0 124 0 0 127 0 0 0 0 127 0 0 0 54 56 
0 117 127 20 0 127 80 0 127 0 127 127 0 42 0 1 127 19 127 0 127 0 0 0 37 88 0 0 23 0 127 127 
127 18 109 6 0 0 127 127 0 0 0 127 46 0 0 0 99 127 24 59 0 0 0 0 0 0 108 114 0 0 0 0 
127 29 0 0 127 0 0 29 0 0 101 0 82 89 127 109 127 0 127 0 125 127 12 0 127 123 0 85 127 127 0 0 
127 77 0 87 0 0 127 0 69 127 36 127 127 127 127 57 0 0 0 16 35 127 0 0 127 0 0 0 102 0 0 127 
0 0 30 12 127 0 127 0 53 0 0 0 53 0 0 25 0 0 32 122 0 0 29 61 0 119 0 20 127 0 28 0 
0 127 22 127 0 0 73 0 0 0 0 0 0 70 0 127 36 0 0 0 127 63 6 0 0 18 127 31 34 127 0 0 
0 127 0 56 0 0 127 0 127 56 127 2 92 105 0 32 0 16 65 0 127 0 0 0 0 100 43 0 127 49 86 119 
50 0 0 127 63 39 0 0 0 0 125 127 106 127 0 0 127 25 89 127 77 106 42 127 52 95 0 0 0 0 15 0 
0 0 0 0 17 23 124 0 63 96 42 93 127 0 127 0 0 0 127 0 55 127 11 36 127 0 0 0 127 0 0 0 
0 121 69 0 126 0 0 0 57 0 0 0 0 0 6 0 0 4 127 0 127 49 0 0 0 0 0 0 72 0 0 21 
0 127 8 0 0 99 127 0 127 45 0 0 9 0 0 1 117 63 0 127 0 57 0 0 127 127 0 0 0 36 127 0 
0 96 79 106 127 0 0 127 127 0 44 127 0 127 0 127 0 22 0 0 0 0 0 94 0 5 111 0 0 127 0 0 
95 0 81 78 0 89 31 115 0 127 64 0 116 45 0 0 0 0 0 0 127 127 127 0 0 31 77 0 0 38 127 127 
38 127 40 0 0 0 0 0 0 0 3 0 127 127 0 0 49 76 43 0 122 65 0 36 3 127 0 0 5 0 127 66 
55 127 53 0 0 127 21 17 63 127 111 52 0 127 0 127 0 127 0 50 0 115 127 0 72 0 0 0 0 0 0 127 
71 0 0 127 0 0 0 127 51 0 127 127 23 0 0 0 104 0 54 0 127 31 0 127 0 0 18 0 0 127 52 0 
0 125 0 73 127 0 0 27 0 7 0 0 127 35 58 127 39 0 14 79 110 125 7 0 0 19 127 127 0 0 0 0 
0 60 36 0 0 0 0 75 127 127 0 48 56 0 51 0 0 0 0 0 22 39 0 31 0 0 0 0 64 0 0 127 
0 6 127 117 0 0 84 0 0 0 0 32 127 0 0 0 0 0 127 127 0 22 0 37 116 0 0 0 0 103 0 127 
75 0 0 12 127 0 0 0 127 71 0 0 32 127 127 47 127 16 31 74 127 0 119 0 0 127 73 0 0 1 0 62 
122 0 0 127 0 0 0 127 0 127 127 0 127 71 0 0 0 0 0 18 127 0 0 108 127 0 21 0 0 0 88 127 
0 0 0 127 0 85 109 0 127 0 111 127 0 0 95 0 7 0 0 0 101 127 0 63 22 127 66 0 0 0 0 96 
0 0 29 43 73 127 0 0 0 0 127 0 15 0 0 88 0 127 0 0 0 0 0 122 0 0 32 127 0 127 127 0 
127 0 0 61 0 0 39 0 0 0 127 127 0 0 15 127 0 0 127 0 0 0 127 127 127 13 16 98 80 0 99 0 
127 71 58 0 127 0 0 0 83 88 85 0 0 0 35 0 31 33 45 127 92 0 95 112 127 0 0 0 113 21 127 0 
0 0 127 127 38 0 127 0 0 56 127 25 107 127 0 0 0 127 0 84 127 0 27 0 0 127 27 0 0 0 109 69 
127 0 127 127 117 2 0 17 9 127 0 0 127 77 0 0 127 0 127 127 0 0 127 26 78 0 0 115 59 0 127 0 
74 0 127 0 127 0 127 0 127 0 13 79 0 127 0 0 0 0 0 20 127 0 0 0 127 0 122 86 127 0 0 127 
0 0 0 19 127 82 0 0 127 127 0 0 81 70 0 127 8 61 127 127 28 0 61 0 6 0 127 21 31 0 0 0 
20 0 0 96 0 0 3 0 127 127 0 0 103 0 127 0 127 0 0 10 0 127 88 127 0 0 0 110 127 127 0 127 
0 120 0 5 0 0 0 18 103 0 0 127 127 47 0 0 0 0 0 89 0 0 0 0 127 0 127 0 127 0 0 127 
0 91 0 0 0 0 127 0 124 0 127 127 0 0 0 0 0 93 0 127 0 126 127 0 0 0 0 0 0 71 127 0 
0 39 127 127 46 0 127 0 127 0 0 0 0 0 3 0 0 16 0 58 93 0 127 43 127 0 120 50 0 37 0 0 
0 109 0 0 53 0 0 46 127 0 0 0 0 127 0 51 12 44 44 0 127 0 90 23 0 0 108 0 34 4 0 81 
98 0 0 107 0 127 127 82 76 0 104 0 127 0 0 0 127 112 0 2 33 127 48 68 0 0 127 0 0 0 0 63 
58 21 71 0 0 127 127 38 0 25 0 13 0 127 127 96 52 5 87 0 127 100 0 74 127 0 0 5 0 6 127 78 
0 59 0 110 30 8 0 0 0 45 23 0 5 0 0 127 0 107 0 89 0 0 0 47 0 29 77 0 127 0 16 0 
0 68 0 127 127 104 127 0 0 0 127 79 127 0 127 0 16 127 18 47 127 0 0 0 0 0 0 71 70 0 0 48 
127 0 1 127 0 0 32 93 127 101 83 0 127 0 127 0 61 53 79 0 0 0 2 0 127 64 0 0 127 0 29 0 
0 127 27 127 127 63 0 126 0 127 0 0 0 9 0 127 85 0 67 0 127 127 0 68 89 127 38 0 0 0 0 0 
34 0 81 50 0 127 127 127 127 8 0 0 0 0 15 127 113 53 127 46 0 37 88 127 0 0 127 0 127 0 0 0 
0 127 106 127 0 0 127 0 127 0 0 54 64 57 0 27 64 127 0 0 23 127 113 104 0 1 127 0 0 0 115 37 
127 0 0 51 0 51 0 127 0 113 0 14 0 76 42 113 99 0 0 0 0 127 0 127 0 52 127 127 4 127 0 0 
62 68 118 37 0 0 0 0 0 68 0 127 0 22 0 0 92 0 0 31 127 42 127 0 0 55 121 127 0 0 0 0 
18 49 58 45 127 127 127 0 0 0 127 45 0 0 127 127 24 0 0 42 61 98 0 104 77 98 0 127 0 0 1 127 
125 0 127 0 0 0 18 0 66 0 67 0 127 127 0 0 0 0 0 55 94 21 0 0 0 127 45 0 127 44 0 81 
0 0 0 124 127 0 114 127 127 16 127 0 0 127 0 0 0 127 0 0 97 127 127 0 127 0 0 0 15 0 0 101 
0 0 127 0 0 127 127 0 0 11 0 44 0 0 57 0 17 0 0 127 127 0 0 0 0 0 0 127 0 127 0 72 
0 6 127 0 0 0 0 0 120 0 120 0 65 0 97 96 0 97 94 0 127 85 95 0 5 116 56 127 127 127 0 61 
0 0 23 0 0 0 72 124 20 0 2 0 64 13 38 0 102 0 0 0 0 0 0 83 79 12 127 81 75 0 0 0 
51 0 0 127 0 33 0 127 127 0 83 0 7 127 127 0 3 14 118 79 0 1 0 26 0 0 76 20 127 108 51 119 
71 6 98 14 127 92 0 121 0 0 0 75 0 0 127 79 94 60 44 23 0 0 44 127 0 72 127 127 0 0 46 74 
0 0 64 0 0 127 24 80 0 84 0 127 127 0 0 127 0 127 0 0 0 0 0 0 0 0 0 64 127 0 0 74 
0 71 0 0 75 0 0 102 0 89 127 0 0 95 117 127 0 0 93 0 114 0 53 127 0 0 115 0 0 127 127 0 
127 89 127 0 61 0 0 0 127 98 127 26 0 0 0 0 0 0 127 0 0 127 14 0 0 0 8 0 0 83 0 0 
0 127 127 127 0 127 26 127 0 0 0 13 0 127 0 0 0 30 0 99 0 0 127 0 127 127 0 0 91 0 64 0 
0 0 118 0 127 14 0 0 0 0 127 58 127 0 0 0 5 84 57 0 127 22 77 0 32 8 91 9 13 108 104 26 
127 0 90 98 127 0 75 0 49 127 0 0 127 28 45 0 109 0 0 0 0 18 37 0 0 75 0 99 13 0 127 99 
110 0 127 127 0 127 32 0 127 8 127 127 51 127 120 35 56 60 0 0 127 0 127 0 103 127 42 0 87 13 0 127 
0 2 127 66 9 127 0 0 71 0 0 0 0 0 0 5 127 46 37 71 127 0 0 0 0 0 127 127 78 32 0 0 
127 0 127 0 127 0 12 0 96 85 127 127 0 0 0 127 0 30 0 0 104 0 11 20 0 46 0 127 11 0 0 0 
0 0 0 17 53 127 0 83 127 0 127 0 127 0 3 30 27 94 0 0 0 127 0 116 127 16 127 123 125 0 0 108 
0 0 0 0 0 0 0 127 0 127 0 0 25 0 113 7 92 0 127 0 0 127 0 0 0 30 70 127 12 74 9 0 
127 0 127 0 0 5 0 0 0 127 69 0 0 0 0 62 127 0 127 0 90 0 0 127 0 0 0 36 11 0 47 30 
11 0 0 127 90 0 127 0 87 0 0 66 127 37 127 0 0 0 0 60 0 0 71 54 55 127 0 0 0 0 0 0 
122 0 0 76 0 127 127 16 0 83 0 118 127 127 0 127 38 127 0 0 93 127 0 0 0 78 0 51 0 127 0 79 
53 104 127 0 0 127 0 0 0 127 0 0 16 37 0 127 127 0 127 127 0 0 127 0 0 127 0 126 88 107 119 0 
80 0 0 31 11 0 0 127 19 0 0 127 85 0 113 0 75 0 0 0 127 0 0 127 127 127 0 127 0 0 0 127 
127 0 127 0 0 110 127 0 127 127 47 0 0 80 127 0 0 127 48 41 0 0 0 65 127 56 0 0 127 0 0 0 
0 0 127 127 127 0 0 0 13 0 0 0 0 127 0 0 103 0 0 0 0 113 0 0 127 0 106 126 0 0 22 0 
127 0 127 61 81 49 50 0 127 53 0 0 106 38 0 127 0 0 127 0 0 0 0 0 127 56 0 127 127 0 31 0 
127 0 0 127 127 111 55 56 127 0 0 0 0 0 0 127 27 0 0 0 84 0 127 96 127 127 0 127 0 0 0 0 
59 0 127 0 0 0 0 19 0 30 127 38 127 0 97 0 113 49 90 0 127 0 0 127 16 0 0 0 0 58 79 127 
53 0 0 32 69 39 0 36 127 0 64 104 0 127 51 0 0 0 116 88 0 0 0 0 59 127 127 127 0 45 0 0 
127 127 127 66 0 0 98 127 0 17 127 0 5 127 11 74 127 0 0 78 104 127 70 116 55 127 48 127 0 0 0 0 
127 87 81 127 127 0 0 127 127 0 127 33 0 0 0 0 0 0 0 0 0 0 0 127 122 0 0 0 0 0 127 0 
0 0 80 102 127 0 0 0 57 20 0 0 127 0 0 0 0 127 22 127 0 50 0 0 127 127 127 0 0 0 0 0 
0 75 127 54 0 0 63 127 127 0 0 0 0 0 45 76 0 31 62 68 119 0 16 34 123 0 90 30 0 113 127 0 
127 14 127 0 127 127 0 0 0 0 0 29 91 0 51 102 0 0 0 0 0 0 108 53 127 0 41 95 125 127 127 0 
0 0 0 127 0 127 127 127 0 27 0 0 0 127 0 127 0 0 61 127 0 0 0 0 0 0 0 127 50 127 0 0 
127 107 0 0 127 83 2 0 93 0 86 0 0 0 0 0 127 127 37 127 0 0 2 127 0 0 0 5 55 72 127 12 
0 0 5 127 18 0 0 0 0 0 0 4 0 102 55 127 127 0 127 0 3 127 127 25 0 0 0 0 0 53 68 0 
42 0 0 0 79 0 0 0 76 0 127 127 121 0 55 0 0 0 39 0 39 0 49 127 113 11 127 0 0 125 57 0 
127 0 0 65 82 0 0 75 0 0 0 127 30 96 0 0 0 0 0 127 127 0 127 0 74 127 0 73 60 127 127 127 
127 102 0 127 0 0 0 0 127 24 37 127 0 127 0 0 41 0 0 71 0 104 29 0 88 0 37 127 106 0 0 0 
0 0 7 0 1 65 0 127 47 127 0 105 0 0 0 127 0 27 0 0 127 0 16 0 0 0 127 127 0 71 0 38 
0 0 0 0 0 28 0 0 0 84 0 90 0 10 0 127 111 0 0 0 0 127 106 107 127 0 127 127 101 127 127 0 
0 0 20 0 127 0 127 0 0 0 16 127 127 127 94 0 127 83 127 0 0 127 127 0 0 0 0 127 0 73 0 7 
127 0 90 127 92 125 127 66 5 90 0 47 84 127 88 0 127 0 18 0 39 0 10 0 20 0 0 0 84 95 0 0 
63 0 0 127 0 0 127 0 0 75 90 127 0 0 127 119 127 36 0 0 0 0 41 0 6 0 0 0 125 0 0 54 
97 14 127 37 127 127 0 0 70 0 0 0 127 0 127 12 11 127 3 0 57 0 102 127 59 87 127 127 104 127 16 61 
104 96 0 0 0 0 0 0 127 112 0 20 0 0 0 0 0 127 0 25 0 0 61 37 0 127 68 77 122 0 34 0 
0 127 0 0 127 0 0 127 127 0 0 0 0 0 0 127 0 3 127 92 0 17 0 105 103 0 114 0 0 0 0 0 
0 0 0 20 127 0 68 0 0 0 0 73 0 0 0 0 0 0 82 0 0 0 127 36 0 104 55 0 0 127 0 0 
127 0 0 127 0 127 127 9 12 127 0 127 46 127 77 0 127 118 7 33 0 127 96 24 91 0 0 0 0 93 0 0 
0 0 0 0 0 127 27 87 75 0 0 0 0 0 127 95 0 35 127 0 0 12 127 0 81 0 0 0 0 0 0 0 
127 0 0 0 0 0 22 0 0 0 0 0 0 0 0 127 26 16 0 0 0 0 105 0 56 113 63 127 127 10 11 24 
75 0 127 0 0 85 127 127 0 40 26 17 43 0 26 0 0 24 0 0 0 0 0 71 25 0 0 127 0 0 83 0 
0 111 0 127 90 73 0 0 0 76 0 0 22 65 109 127 60 0 0 0 31 0 0 15 0 56 100 0 89 41 127 0 
127 0 0 0 2 127 88 0 127 0 0 127 127 0 0 0 0 0 0 96 127 0 127 18 72 0 0 0 0 0 0 0 
0 127 57 0 59 0 0 43 0 0 0 0 127 0 0 0 0 69 42 27 0 110 0 18 90 127 0 0 0 80 97 51 
13 55 0 51 0 21 0 41 66 109 0 83 0 43 127 127 127 0 127 0 50 0 0 0 29 48 0 0 14 0 58 127 
55 0 127 127 0 0 127 45 84 46 0 108 0 0 127 70 0 0 0 0 0 90 0 114 127 0 104 19 0 11 0 0 
0 58 0 0 54 0 0 16 41 0 0 19 0 96 0 0 0 0 127 0 127 99 0 0 0 0 0 82 0 0 70 117 
0 117 72 0 105 127 51 0 0 26 0 0 120 10 0 127 56 0 127 0 0 0 0 100 0 0 127 0 0 0 0 88 
127 0 127 127 68 127 127 0 127 0 0 0 127 89 0 0 22 34 0 0 127 84 0 108 64 127 124 108 0 124 0 0 
0 127 0 52 0 55 0 127 54 34 11 0 53 72 8 41 31 22 0 96 127 127 0 0 12 0 0 81 127 0 25 0 
108 0 0 0 0 0 39 0 127 101 42 6 73 4 0 41 127 21 0 0 0 127 3 83 122 0 0 0 67 0 0 92 
19 0 0 77 113 0 127 0 0 0 0 0 127 112 0 0 0 0 127 0 127 24 127 54 0 0 0 127 0 0 0 65 
0 0 0 0 127 0 16 0 0 0 0 127 0 0 0 0 127 127 104 84 0 74 0 0 0 0 0 0 0 0 0 65 
127 0 107 0 35 49 0 0 0 0 0 127 0 0 0 26 127 50 54 0 0 90 0 127 5 44 0 0 0 6 0 91 
127 29 0 53 127 82 48 44 0 8 127 0 0 0 0 0 0 77 0 127 0 58 0 90 0 30 41 0 0 0 123 0 
28 49 0 124 0 127 0 0 0 0 0 121 0 0 0 0 0 19 0 0 65 0 0 97 0 102 31 0 0 0 0 0 
49 0 127 0 0 67 35 0 17 0 0 127 127 0 0 99 0 127 124 0 114 0 61 0 27 32 54 0 0 127 63 0 
127 0 0 0 0 31 105 127 75 0 0 112 0 0 0 0 0 127 4 0 127 0 0 31 45 0 0 0 58 0 23 0 
13 0 0 0 15 127 0 0 65 27 106 127 127 66 0 0 0 0 0 0 103 25 86 47 0 0 0 73 127 0 0 0 
0 93 78 0 0 6 127 111 0 0 17 0 29 0 78 0 0 127 0 0 0 0 0 0 69 127 65 0 127 80 0 127 
57 127 0 90 0 0 27 0 1 66 0 0 0 87 127 93 0 0 0 89 92 0 0 0 0 11 27 0 0 0 0 0 
15 0 0 0 20 0 45 29 0 0 127 0 0 0 12 127 72 0 8 0 0 127 19 0 0 0 107 0 48 64 0 0 
0 24 0 0 60 127 0 0 0 0 76 0 48 0 114 0 0 61 127 69 0 0 0 0 0 0 0 0 45 19 0 0 
47 0 0 0 0 0 119 28 127 0 0 0 0 0 0 0 0 0 80 78 0 0 0 14 0 0 35 0 20 0 127 0 
45 0 109 96 127 68 89 127 0 0 0 0 0 0 0 13 0 4 0 0 127 0 62 32 127 3 0 26 20 127 0 0 
2 54 96 0 34 127 0 44 0 0 0 0 127 0 0 6 0 37 0 127 69 127 0 0 127 0 0 0 0 124 127 0 
34 0 104 30 126 0 51 0 127 0 0 127 56 56 0 24 0 127 119 0 86 0 121 8 100 22 17 0 108 0 111 0 
105 89 0 0 0 127 0 0 85 15 0 0 10 36 20 0 0 127 111 0 0 25 127 78 42 34 41 0 0 0 0 127 
30 97 0 0 0 49 101 88 127 0 56 42 0 0 29 0 127 90 127 127 0 127 36 0 0 0 0 0 0 0 103 50 
22 28 115 0 0 127 127 29 74 0 0 107 0 42 0 0 26 0 0 0 0 0 53 0 0 47 127 0 67 0 127 0 
0 0 111 127 0 0 0 0 127 26 0 74 0 0 0 71 6 0 127 64 13 84 91 36 0 0 45 13 0 0 27 5 
0 6 58 0 127 118 0 40 0 95 126 0 127 0 0 0 0 0 0 49 111 4 0 42 0 0 0 78 56 0 0 0 
