80010000
80010000
80010000
80010000
80010000
80010000
80010000
80010000
80010000
80010000
80010000
80010000
00000000
00000001
00000002
00000003
00000004
00000005
00000006
00000007
00000008
00000009
0000000A
0000000B
8001D800
80002000
00010002
00000000
00000001
00000002
00000003
00000004
00000005
00000006
00000007
00000008
00000009
0000000A
0000000B
00000000
00000001
00000002
00000003
00000004
00000005
00000006
00000007
00000008
00000009
0000000A
0000000B
8001D800
80002288
00010002
00000000
00000001
00000002
00000003
00000004
00000005
00000006
00000007
00000008
00000009
0000000A
0000000B
8002D800
80027000
80028800
8002B800
8002D000
8002E800
80030000
80031800
80033000
80034800
80036000
80037800
8001D800
80002C30
00010003
