80010000
80010000
80010000
80010000
80010000
80010000
80010000
80010000
80010000
80010000
80010000
80010000
80008640
80008700
800087C0
80008880
80008940
80008A00
80008AC0
80008B80
80008C40
80008D00
80008DC0
80008E80
8001D800
00002000
00010002
80010000
80010000
80010000
80010000
80010000
80010000
80010000
80010000
80010000
80010000
80010000
80010000
80008640
80008700
800087C0
80008880
80008940
80008A00
80008AC0
80008B80
80008C40
80008D00
80008DC0
80008E80
8001D800
00002128
00010002
80010000
80010000
80010000
80010000
80010000
80010000
80010000
80010000
80010000
80010000
80010000
80010000
8002D800
80027000
80028800
8002B800
8002D000
8002E800
80030000
80031800
80033000
80034800
80036000
80037800
8001D800
0000E47E
00010003
