00 00 01 80 00 00 01 80 00 00 01 80 00 00 01 80
00 00 01 80 00 00 01 80 00 00 01 80 00 00 01 80
00 00 01 80 00 00 01 80 00 00 01 80 00 00 01 80
00 00 00 00 01 00 00 00 02 00 00 00 03 00 00 00
04 00 00 00 05 00 00 00 06 00 00 00 07 00 00 00
08 00 00 00 09 00 00 00 0A 00 00 00 0B 00 00 00
00 D8 01 80 00 20 00 80 02 00 01 00 00 00 00 00
01 00 00 00 02 00 00 00 03 00 00 00 04 00 00 00
05 00 00 00 06 00 00 00 07 00 00 00 08 00 00 00
09 00 00 00 0A 00 00 00 0B 00 00 00 00 00 00 00
01 00 00 00 02 00 00 00 03 00 00 00 04 00 00 00
05 00 00 00 06 00 00 00 07 00 00 00 08 00 00 00
09 00 00 00 0A 00 00 00 0B 00 00 00 00 D8 01 80
88 22 00 80 02 00 01 00 00 00 00 00 01 00 00 00
02 00 00 00 03 00 00 00 04 00 00 00 05 00 00 00
06 00 00 00 07 00 00 00 08 00 00 00 09 00 00 00
0A 00 00 00 0B 00 00 00 00 D8 02 80 00 70 02 80
00 88 02 80 00 B8 02 80 00 D0 02 80 00 E8 02 80
00 00 03 80 00 18 03 80 00 30 03 80 00 48 03 80
00 60 03 80 00 78 03 80 00 D8 01 80 3C 2C 00 80
03 00 01 00
@00002000
13 01 01 FA 23 2E 11 04 23 2C 81 04 13 04 01 06
13 05 00 00 23 2A A4 FE 93 05 40 00 23 28 B4 FE
13 06 30 00 23 26 C4 FE 23 24 B4 FE 23 22 B4 FE
93 05 50 00 23 20 B4 FE 93 05 C0 06 23 2E B4 FC
23 2C A4 FC 83 25 C4 FD 93 95 D5 00 03 26 84 FD
B3 85 C5 00 23 2A B4 FC 83 25 44 FD 5B 10 B0 00
5B 00 00 00 A2 28 01 40 10 C0 06 00 90 00 00 40
12 00 00 02 12 00 00 03 12 00 00 04 12 00 00 06
12 01 00 0B 12 BF 06 0F 12 00 00 10 12 BF 06 11
12 00 00 13 12 00 00 14 12 01 00 15 12 01 00 3F
91 55 82 80 17 00 00 08 12 00 00 62 12 00 00 63
12 00 00 64 12 00 00 65 12 00 00 67 12 00 00 68
12 01 00 6C 12 FF 07 70 12 00 00 71 12 FF 07 72
12 00 00 74 12 00 00 75 12 00 00 76 17 00 00 06
17 00 00 08 73 00 00 00 5B 00 00 00 12 01 00 00
12 00 00 01 12 01 00 03 73 00 00 00 23 28 A4 FC
23 26 A4 FC 23 24 A4 FC 6F 00 40 00 83 25 84 FC
13 05 00 00 63 48 B5 16 6F 00 40 00 03 25 84 FC
93 15 25 00 13 05 04 FE 33 05 B5 00 03 25 05 00
23 22 A4 FC 13 05 00 00 23 20 A4 FC 03 25 84 FC
93 55 F5 01 B3 05 B5 00 93 F5 E5 FF 33 05 B5 40
93 05 10 00 63 14 B5 02 6F 00 40 00 03 25 84 FC
13 15 25 00 93 05 04 FE 33 05 B5 00 03 25 C5 FF
13 15 25 00 23 20 A4 FC 6F 00 40 00 03 25 44 FC
13 15 55 00 23 2E A4 FA 03 25 C4 FB 13 15 D5 00
83 25 04 FC 33 05 B5 00 23 2C A4 FA 03 25 04 FD
13 15 55 00 23 2A A4 FA 13 05 00 20 23 28 A4 FA
03 25 C4 FB 13 05 F5 FF 23 26 A4 FA 03 25 C4 FB
13 15 25 00 13 05 F5 FF 23 24 A4 FA 13 05 40 00
23 22 A4 FA 03 25 44 FB 83 25 04 FB 03 26 44 FA
83 26 C4 FA 03 27 84 FA 83 27 84 FB 5B 10 A0 00
5B 10 B0 00 5B 10 C0 00 5B 10 D0 00 5B 10 E0 00
5B 10 F0 00 5B 00 00 00 12 00 00 86 12 00 02 8A
12 01 00 0B 12 03 00 8E 12 9F 00 8F 12 00 00 10
12 7F 02 91 73 00 00 00 03 25 84 FC 63 12 05 04
6F 00 40 00 5B 00 00 00 90 00 00 40 91 04 20 80
17 00 00 08 19 00 00 00 19 00 00 00 19 00 00 00
19 00 00 00 19 00 00 00 19 00 00 00 19 00 00 00
19 00 00 00 19 00 00 00 73 00 00 00 6F 00 40 00
6F 00 40 00 03 25 84 FC 13 05 15 00 23 24 A4 FC
6F F0 DF E8 73 00 50 10 13 01 01 F0 23 2E 11 0E
23 2C 81 0E 13 04 01 10 13 05 00 00 23 2A A4 FE
93 05 E0 01 23 28 B4 FE 93 05 F0 01 23 26 B4 FE
93 05 40 00 23 24 B4 FE 13 06 30 00 23 22 C4 FE
23 20 B4 FE 23 2E B4 FC 13 06 50 00 23 2C C4 FC
23 2A B4 FC 23 28 B4 FC 23 26 B4 FC 23 24 B4 FC
93 05 10 00 23 22 B4 FC 23 20 B4 FC 5B 00 00 00
A2 28 01 40 10 C0 06 00 90 00 00 40 12 01 00 00
12 00 00 01 12 00 00 02 12 01 00 03 12 00 00 04
12 00 00 10 12 00 00 13 12 00 00 14 12 01 00 3F
73 00 00 00 5B 00 00 00 20 00 02 00 20 01 00 00
A0 01 40 00 A0 03 28 00 20 24 00 00 20 05 28 00
A0 25 00 00 12 01 00 20 12 00 00 21 12 01 00 22
12 00 00 23 12 FF 01 29 12 01 00 2A 12 01 00 2D
12 1F 00 2E 12 00 00 2F 12 3F 00 30 73 00 00 00
83 25 44 FC 93 95 25 00 13 06 84 FD B3 85 C5 00
83 A5 C5 FF 23 2E B4 FA 23 2C A4 FA 23 2A A4 FA
6F 00 40 00 03 25 44 FB 83 25 84 FE E3 56 B5 06
6F 00 40 00 03 25 44 FC 93 15 25 00 13 05 84 FD
33 05 B5 00 03 25 05 00 23 28 A4 FA 13 05 00 00
23 26 A4 FA 03 25 44 FC 93 55 F5 01 B3 05 B5 00
93 F5 E5 FF 33 05 B5 40 93 05 10 00 63 14 B5 02
6F 00 40 00 03 25 44 FC 13 15 25 00 93 05 84 FD
33 05 B5 00 03 25 C5 FF 13 15 75 00 23 26 A4 FA
6F 00 40 00 03 25 04 FB 13 15 55 00 23 24 A4 FA
03 25 84 FA 13 15 D5 00 83 25 C4 FA 33 05 B5 00
23 22 A4 FA 03 25 C4 FB 13 15 55 00 23 20 A4 FA
13 05 00 20 23 2E A4 F8 13 05 40 00 23 2C A4 F8
03 25 84 FA 13 05 F5 FF 23 2A A4 F8 03 25 84 FA
13 15 25 00 13 05 F5 FF 23 28 A4 F8 03 25 04 FA
83 25 C4 F9 03 26 84 F9 83 26 44 F9 03 27 04 F9
83 27 44 FA 5B 10 A0 00 5B 10 B0 00 5B 10 C0 00
5B 10 D0 00 5B 10 E0 00 5B 10 F0 00 5B 00 00 00
12 00 00 86 12 00 02 8A 12 01 00 0B 12 03 00 8E
12 9F 00 8F 12 7F 02 91 73 00 00 00 03 25 44 FC
83 25 84 FE 93 85 F5 FF 63 56 B5 02 6F 00 40 00
5B 00 00 00 90 00 00 80 9B 04 20 80 17 00 00 08
73 00 00 00 03 25 44 FC 13 05 15 00 23 22 A4 FC
6F 00 00 04 03 25 44 FC 83 25 84 FE 93 85 F5 FF
63 16 B5 02 6F 00 40 00 5B 00 00 00 90 00 00 80
9B 04 20 80 17 00 00 08 73 00 00 00 03 25 44 FC
13 05 15 00 23 22 A4 FC 6F 00 40 00 6F 00 40 00
03 25 44 FB 93 15 25 00 13 05 84 FC 33 05 B5 00
03 25 05 00 23 22 A4 F8 03 25 44 FB 63 0C 05 00
6F 00 40 00 5B 00 00 00 1B 02 00 00 73 00 00 00
6F 00 40 00 13 05 00 00 23 20 A4 F8 6F 00 40 00
03 25 04 F8 83 25 44 F8 63 56 B5 68 6F 00 40 00
13 05 00 00 23 2E A4 F6 13 05 30 00 23 2C A4 F6
03 25 44 FB 63 10 05 02 6F 00 40 00 03 25 04 F8
63 1A 05 00 6F 00 40 00 13 05 10 00 23 2E A4 F6
6F 00 40 00 03 25 44 FB 83 25 84 FE 93 85 F5 FF
63 14 B5 02 6F 00 40 00 03 25 04 F8 83 25 44 F8
93 85 F5 FF 63 1A B5 00 6F 00 40 00 13 05 20 00
23 2C A4 F6 6F 00 40 00 13 05 00 00 23 2A A4 F6
6F 00 40 00 83 25 44 F7 13 05 00 00 63 4A B5 5E
6F 00 40 00 03 25 04 F8 23 28 A4 F6 03 25 44 FB
63 0A 05 02 6F 00 40 00 03 25 44 FB 93 55 F5 01
B3 05 B5 00 93 F5 E5 FF 33 05 B5 40 63 1C 05 00
6F 00 40 00 03 25 04 F8 13 05 F5 FF 23 28 A4 F6
6F 00 40 00 03 25 44 F7 13 15 55 00 23 26 A4 F6
03 25 44 FB 93 55 F5 01 B3 05 B5 00 93 F5 E5 FF
33 05 B5 40 63 0A 05 02 6F 00 40 00 03 25 44 FB
13 15 25 00 93 05 84 FD 33 05 B5 00 03 25 C5 FF
13 15 25 00 83 25 04 F8 33 05 B5 00 13 05 F5 FF
23 28 A4 F6 6F 00 40 00 13 05 10 00 23 24 A4 F6
03 25 C4 F7 23 22 A4 F6 6F 00 40 00 03 25 44 F6
83 25 84 F7 63 58 B5 48 6F 00 40 00 13 05 00 00
23 20 A4 F6 6F 00 40 00 83 25 04 F6 13 05 20 00
63 40 B5 46 6F 00 40 00 13 05 00 02 23 2E A4 F4
13 05 00 00 23 2C A4 F4 23 2A A4 F4 83 25 04 F7
03 25 44 F6 33 05 B5 00 13 05 F5 FF 23 28 A4 F4
83 25 C4 F6 03 25 04 F6 33 05 B5 00 13 05 F5 FF
23 26 A4 F4 03 25 44 FB 93 15 25 00 13 05 84 FD
33 05 B5 00 03 25 05 00 23 24 A4 F4 03 25 44 FB
93 55 F5 01 B3 05 B5 00 93 F5 E5 FF 33 05 B5 40
93 05 10 00 63 14 B5 08 6F 00 40 00 03 25 04 F8
63 1C 05 00 6F 00 40 00 03 25 44 F6 93 05 20 00
63 42 B5 02 6F 00 40 00 03 25 04 F8 93 05 10 00
63 1C B5 04 6F 00 40 00 03 25 44 F6 63 16 05 04
6F 00 40 00 03 25 44 FB 13 15 25 00 93 05 84 FD
33 05 B5 00 03 25 C5 FF 03 26 04 F8 33 05 C5 00
03 26 44 F6 33 05 C5 00 13 05 E5 FF 23 28 A4 F4
03 25 44 FB 13 15 25 00 33 05 B5 00 03 25 C5 FF
23 24 A4 F4 6F 00 40 00 6F 00 40 00 03 25 44 FB
93 55 F5 01 B3 05 B5 00 93 F5 E5 FF 33 05 B5 40
63 18 05 0A 6F 00 40 00 03 25 44 FB 63 02 05 0A
6F 00 40 00 83 25 04 F8 13 05 10 00 63 4A B5 08
6F 00 40 00 03 25 04 F8 63 1C 05 00 6F 00 40 00
03 25 44 F6 93 05 20 00 63 42 B5 02 6F 00 40 00
03 25 04 F8 93 05 10 00 63 12 B5 06 6F 00 40 00
03 25 44 F6 63 1C 05 04 6F 00 40 00 03 25 44 FB
13 15 25 00 93 05 84 FD 33 06 B5 00 03 25 86 FF
13 15 25 00 03 26 C6 FF 33 05 C5 00 03 26 04 F8
33 05 C5 00 03 26 44 F6 33 05 C5 00 13 05 E5 FF
23 28 A4 F4 03 25 44 FB 13 15 25 00 33 05 B5 00
03 25 C5 FF 23 24 A4 F4 6F 00 40 00 6F 00 40 00
03 25 44 F7 63 1C 05 02 6F 00 40 00 03 25 04 F6
63 16 05 02 6F 00 40 00 13 05 F0 01 23 2E A4 F4
13 05 10 00 23 2A A4 F4 23 2C A4 F4 03 25 C4 F4
13 05 15 00 23 26 A4 F4 6F 00 40 00 03 25 44 F7
63 1A 05 02 6F 00 40 00 03 25 04 F6 93 05 20 00
63 12 B5 02 6F 00 40 00 13 05 F0 01 23 2E A4 F4
13 05 10 00 23 2A A4 F4 13 05 00 00 23 2C A4 F4
6F 00 40 00 13 05 00 00 23 22 A4 F4 6F 00 40 00
83 25 44 F4 13 05 30 00 63 42 B5 20 6F 00 40 00
13 05 30 00 23 20 A4 F4 03 25 C4 F5 23 2E A4 F2
83 25 44 F6 13 95 15 00 33 05 B5 00 83 25 04 F6
33 05 B5 00 13 15 25 00 83 25 44 F4 33 05 B5 00
83 25 04 F4 33 05 B5 02 23 2C A4 F2 03 25 04 F4
13 15 D5 00 83 25 84 F3 33 05 B5 00 23 2A A4 F2
03 25 04 F5 13 15 55 00 83 25 C4 F4 33 05 B5 00
83 25 44 F4 03 26 84 F4 B3 85 C5 02 93 95 55 00
33 05 B5 00 23 28 A4 F2 03 25 C4 F3 13 15 D5 00
83 25 04 F3 33 05 B5 00 23 26 A4 F2 13 05 00 00
23 24 A4 F2 93 05 10 00 23 22 B4 F2 03 26 04 FF
13 16 86 01 83 26 84 F6 93 96 76 01 33 06 D6 00
83 26 84 F2 93 96 66 01 33 06 D6 00 83 26 84 F5
93 96 06 01 33 06 D6 00 83 26 44 F5 93 96 C6 00
33 06 D6 00 83 26 C4 F5 93 96 16 00 33 06 D6 00
23 20 C4 F2 23 24 A4 F6 03 25 C4 FE 13 15 85 01
03 26 84 F6 13 16 76 01 33 05 C5 00 03 26 44 F2
13 16 66 01 33 05 C5 00 03 26 84 F5 13 16 06 01
33 05 C5 00 03 26 44 F5 13 16 C6 00 33 05 C5 00
03 26 C4 F5 13 16 16 00 33 05 C5 00 23 2E A4 F0
03 25 44 F3 03 26 C4 F2 83 26 04 F2 03 27 C4 F1
5B 10 A0 00 5B 10 C0 00 5B 10 D0 40 5B 10 E0 40
03 25 04 FC 63 18 B5 02 6F 00 40 00 13 05 00 00
23 20 A4 FC 5B 00 00 00 15 05 08 80 15 04 08 90
A1 0F 00 90 21 00 00 28 A1 0F 00 80 73 00 00 00
6F 00 80 06 03 25 44 F4 93 55 F5 01 B3 05 B5 00
93 F5 E5 FF 33 05 B5 40 93 05 10 00 63 14 B5 02
6F 00 40 00 5B 00 00 00 15 05 08 A0 15 04 08 B0
A1 0F 00 B0 21 00 00 48 A1 0F 00 80 73 00 00 00
6F 00 40 02 5B 00 00 00 15 05 08 C0 15 04 08 90
A1 0F 00 90 21 00 00 28 A1 0F 00 80 73 00 00 00
6F 00 40 00 6F 00 40 00 6F 00 40 00 03 25 44 F4
13 05 15 00 23 22 A4 F4 6F F0 9F DF 6F 00 40 00
03 25 04 F6 13 05 15 00 23 20 A4 F6 6F F0 DF B9
6F 00 40 00 03 25 44 F6 13 05 15 00 23 22 A4 F6
6F F0 DF B6 03 25 84 FB 13 15 55 00 23 2C A4 F0
13 05 00 00 23 2A A4 F0 23 28 A4 F0 83 25 04 F1
93 95 95 00 03 26 44 F1 B3 85 C5 00 23 26 B4 F0
93 05 00 02 23 2A B4 F0 83 25 04 F1 93 95 95 00
03 26 44 F1 B3 85 C5 00 23 24 B4 F0 23 22 A4 F0
03 25 84 F1 83 25 C4 F0 03 26 84 F0 83 26 44 F0
5B 10 A0 00 5B 10 B0 40 5B 10 C0 40 5B 10 D0 40
5B 00 00 00 12 00 00 A5 21 08 00 08 A1 FF 81 86
A1 FF A1 86 13 00 00 00 23 23 1C 88 73 00 00 00
03 25 84 FB 13 05 15 00 23 2C A4 FA 6F 00 40 00
03 25 44 F7 13 05 15 00 23 2A A4 F6 6F F0 9F A0
6F 00 40 00 03 25 04 F8 13 05 15 00 23 20 A4 F8
6F F0 1F 97 6F 00 40 00 03 25 44 FB 13 05 15 00
23 2A A4 FA 6F F0 0F F9 5B 00 00 00 17 00 00 08
19 00 00 00 19 00 00 00 19 00 00 00 19 00 00 00
19 00 00 00 19 00 00 00 19 00 00 00 19 00 00 00
19 00 00 00 73 00 00 00 73 00 50 10 13 01 01 FF
23 26 11 00 23 24 81 00 13 04 01 01 5B 00 00 00
12 00 00 42 12 00 00 43 12 00 00 44 12 00 00 46
12 00 00 47 12 01 00 4B 12 FF 03 4F 12 00 00 50
12 FF 03 51 17 00 00 04 17 00 00 08 19 00 00 00
19 00 00 00 19 00 00 00 19 00 00 00 19 00 00 00
19 00 00 00 19 00 00 00 19 00 00 00 19 00 00 00
73 00 00 00 73 00 50 10
