0100010001000001
0000010000110110
0100010010001001
0000010010110110
0000010010000101
0100011000001001
0000011000110110
0000011000001101
0100011010001001
0000011010110110
0000011010010101
0100011100001001
0000011100110110
0000011100011101
0100010100000101
0000010100110110
0100010110000101
0000010110110110
0000010110000101
00000000000001111000011110010011
0000011110011110
00000001010001111000011110010011
00000001000010000000100000010011
0000100000011110
00000001010010000000100000010011
00000010000010001000100010010011
0000100010011110
00000001010010001000100010010011
00000011000010010000100100010011
0000100100011110
00000001010010010000100100010011
00000000100000000001000001011011
00000000100100000001000001011011
00000000110000000001000001011011
00000000110100000001000001011011
00000000111000000001000001011011
00000000101000000001000001011011
00000000101100000001000001011011
01000000111100000001000001011011
01000001000000000001000001011011
01000001000100000001000001011011
01000001001000000001000001011011
00000000000000000000000001011011
00000000001110111111100110100010
00100100000001000001000000100010
00100000110001000001100000100010
00100000110001010000100000100010
00100000111000010000001000100010
00101100001000000101001000100010
01000000000000010010000100100010
00000000000000000001000000010000
10000000000010000000000110010001
00000000000000000001111000010000
01000000000100010000000000010000
10000000100000000000010110010001
00000000000000000000000000010000
01000000000000000000000010010000
10000000000010000000010100010101
00000100000000000000000000010000
10010000001000000000010100010101
10010010000000000111110100100001
10000010000000000111100000100001
10000010000000000111100000100001
10000010000000000111100010100001
00000000000000000000000001110011
00000100000010011000100110010011
0000100010011110
00000001010010011000100110010011
00000101000010100000101000010011
0000101000011110
00000001010010100000101000010011
00000110000010101000101010010011
0000101010011110
00000001010010101000101010010011
00000111000010110000101100010011
0000101100011110
00000001010010110000101100010011
01000001001100000001000001011011
01000001010000000001000001011011
01000001010100000001000001011011
01000001011000000001000001011011
00000000000000000000000001011011
10000010000000000111100100100001
10000010000000000111100000100001
10000010000000000111100000100001
10000010000000000111101000100001
00010000010100000000000001110011