00 40 00 80 00 40 00 80 00 40 00 80 00 40 00 80
00 40 00 80 00 40 00 80 00 40 00 80 00 40 00 80
00 40 00 80 00 40 00 80 00 40 00 80 00 40 00 80
40 46 00 80 00 47 00 80 C0 47 00 80 80 48 00 80
40 49 00 80 00 4A 00 80 C0 4A 00 80 80 4B 00 80
40 4C 00 80 00 4D 00 80 C0 4D 00 80 80 4E 00 80
00 76 00 80 00 20 00 00 02 00 FF 0F 00 40 00 80
00 40 00 80 00 40 00 80 00 40 00 80 00 40 00 80
00 40 00 80 00 40 00 80 00 40 00 80 00 40 00 80
00 40 00 80 00 40 00 80 00 40 00 80 40 46 00 80
00 47 00 80 C0 47 00 80 80 48 00 80 40 49 00 80
00 4A 00 80 C0 4A 00 80 80 4B 00 80 40 4C 00 80
00 4D 00 80 C0 4D 00 80 80 4E 00 80 00 76 00 80
C2 20 00 00 02 00 FF 0F 00 40 00 80 00 40 00 80
00 40 00 80 00 40 00 80 00 40 00 80 00 40 00 80
00 40 00 80 00 40 00 80 00 40 00 80 00 40 00 80
00 40 00 80 00 40 00 80 00 F6 00 80 00 0E 01 80
00 26 01 80 00 3E 01 80 00 56 01 80 00 6E 01 80
00 86 01 80 00 9E 01 80 00 B6 01 80 00 CE 01 80
00 E6 01 80 80 FE 01 80 00 76 00 80 30 43 00 00
03 00 FF 0F
@00002000
01 44 26 04 13 04 B4 01 36 04 13 04 04 00 5B 10
80 00 5B 00 00 00 A2 28 01 40 10 B0 01 00 12 00
00 02 12 00 00 03 12 00 00 04 12 00 00 06 12 01
00 0B 12 AF 01 0F 12 00 00 10 12 AF 01 11 12 00
00 13 12 00 00 14 12 00 00 15 12 01 00 1F 90 00
00 40 91 99 83 80 12 00 00 62 12 00 00 63 12 00
00 64 12 00 00 65 12 00 00 67 12 00 00 68 12 01
00 6C 12 FF 03 70 12 00 00 71 12 FF 03 72 12 00
00 74 12 00 00 75 12 01 00 76 17 00 00 06 17 00
00 08 19 00 00 00 19 00 00 00 19 00 00 00 19 00
00 00 19 00 00 00 19 00 00 00 19 00 00 00 19 00
00 00 19 00 00 00 73 00 00 00 73 00 50 10 01 44
26 04 13 04 04 00 36 04 13 04 04 00 81 44 A6 04
93 84 34 00 B6 04 93 84 44 02 01 45 26 05 13 05
05 01 36 05 13 05 05 00 37 19 81 1E 13 09 E9 03
B7 19 41 1F 93 89 E9 03 5B 10 80 00 5B 10 90 00
5B 10 A0 00 5B 10 20 41 5B 10 30 41 5B 00 00 00
A2 28 01 40 10 B2 01 00 12 01 00 00 12 00 00 01
12 00 00 02 12 01 00 03 12 00 00 04 12 00 00 06
12 01 00 0B 12 FF 03 0F 12 00 00 10 12 FF 03 11
12 00 00 13 12 00 00 14 12 01 00 15 12 01 00 1F
91 04 20 80 12 00 00 21 12 01 00 22 12 00 00 23
12 00 06 25 12 01 00 2A 12 3F 00 2E 12 00 00 2F
12 3F 00 30 40 00 02 00 47 75 40 01 C7 75 01 00
47 40 00 E0 44 10 00 00 47 40 20 E0 44 10 00 00
47 40 40 E0 44 10 00 00 20 00 02 00 20 01 00 00
A0 01 40 00 A0 03 38 00 20 24 00 00 23 00 02 04
15 05 08 80 15 04 08 90 A1 0F 00 90 21 00 00 28
A1 0F 00 80 73 00 00 00 01 44 26 04 13 04 34 00
36 04 13 04 74 02 81 44 A6 04 93 84 04 01 B6 04
93 84 04 20 37 19 01 1E 13 09 E9 03 B7 19 41 1F
93 89 E9 03 5B 10 80 00 5B 10 90 00 5B 10 20 41
5B 10 30 41 5B 00 00 00 15 05 08 A0 15 04 08 B0
A1 0F 00 B0 21 00 00 48 A1 0F 00 80 73 00 00 00
01 44 26 04 13 04 34 00 36 04 13 04 A4 02 81 44
A6 04 93 84 04 01 B6 04 93 84 04 40 37 19 01 1E
13 09 E9 03 B7 19 41 1F 93 89 E9 03 5B 10 80 00
5B 10 90 00 5B 10 20 41 5B 10 30 41 5B 00 00 00
15 05 08 C0 15 04 08 90 A1 0F 00 90 21 00 00 28
A1 0F 00 80 73 00 00 00 01 44 26 04 13 04 34 00
36 04 13 04 D4 02 81 44 A6 04 93 84 04 01 B6 04
93 84 04 60 37 19 01 1E 13 09 E9 03 B7 19 41 1F
93 89 E9 03 5B 10 80 00 5B 10 90 00 5B 10 20 41
5B 10 30 41 5B 00 00 00 15 05 08 A0 15 04 08 B0
A1 0F 00 B0 21 00 00 48 A1 0F 00 80 73 00 00 00
01 44 26 04 13 04 34 00 36 04 13 04 04 03 81 44
A6 04 93 84 04 01 B6 04 93 84 04 00 37 09 00 1E
13 09 09 04 B7 09 40 1F 93 89 09 04 5B 10 80 00
5B 10 90 00 5B 10 20 41 5B 10 30 41 5B 00 00 00
15 05 08 C0 15 04 08 90 A1 0F 00 90 21 00 00 28
A1 0F 00 80 73 00 00 00 01 44 26 04 13 04 34 00
36 04 13 04 34 03 81 44 A6 04 93 84 04 01 B6 04
93 84 04 20 37 09 00 1E 13 09 09 04 B7 09 40 1F
93 89 09 04 5B 10 80 00 5B 10 90 00 5B 10 20 41
5B 10 30 41 5B 00 00 00 15 05 08 A0 15 04 08 B0
A1 0F 00 B0 21 00 00 48 A1 0F 00 80 73 00 00 00
01 44 26 04 13 04 34 00 36 04 13 04 64 03 81 44
A6 04 93 84 04 01 B6 04 93 84 04 40 37 09 00 1E
13 09 09 04 B7 09 40 1F 93 89 09 04 5B 10 80 00
5B 10 90 00 5B 10 20 41 5B 10 30 41 5B 00 00 00
15 05 08 C0 15 04 08 90 A1 0F 00 90 21 00 00 28
A1 0F 00 80 73 00 00 00 01 44 26 04 13 04 34 00
36 04 13 04 94 03 81 44 A6 04 93 84 04 01 B6 04
93 84 04 60 37 09 00 1E 13 09 09 04 B7 09 40 1F
93 89 09 04 5B 10 80 00 5B 10 90 00 5B 10 20 41
5B 10 30 41 5B 00 00 00 15 05 08 A0 15 04 08 B0
A1 0F 00 B0 21 00 00 48 A1 0F 00 80 73 00 00 00
01 44 26 04 13 04 34 00 36 04 13 04 C4 03 81 44
A6 04 93 84 04 01 B6 04 93 84 14 00 37 19 00 1E
13 09 E9 03 B7 19 40 1F 93 89 E9 03 5B 10 80 00
5B 10 90 00 5B 10 20 41 5B 10 30 41 5B 00 00 00
15 05 08 C0 15 04 08 90 A1 0F 00 90 21 00 00 28
A1 0F 00 80 73 00 00 00 01 44 26 04 13 04 34 00
36 04 13 04 F4 03 81 44 A6 04 93 84 04 01 B6 04
93 84 14 20 37 19 00 1E 13 09 E9 03 B7 19 40 1F
93 89 E9 03 5B 10 80 00 5B 10 90 00 5B 10 20 41
5B 10 30 41 5B 00 00 00 15 05 08 A0 15 04 08 B0
A1 0F 00 B0 21 00 00 48 A1 0F 00 80 73 00 00 00
01 44 26 04 13 04 34 00 36 04 13 04 24 04 81 44
A6 04 93 84 04 01 B6 04 93 84 14 40 37 19 00 1E
13 09 E9 03 B7 19 40 1F 93 89 E9 03 5B 10 80 00
5B 10 90 00 5B 10 20 41 5B 10 30 41 5B 00 00 00
15 05 08 C0 15 04 08 90 A1 0F 00 90 21 00 00 28
A1 0F 00 80 73 00 00 00 01 44 26 04 13 04 34 00
36 04 13 04 54 04 81 44 A6 04 93 84 04 01 B6 04
93 84 14 60 37 19 00 1E 13 09 E9 03 B7 19 40 1F
93 89 E9 03 5B 10 80 00 5B 10 90 00 5B 10 20 41
5B 10 30 41 5B 00 00 00 15 05 08 A0 15 04 08 B0
A1 0F 00 B0 21 00 00 48 A1 0F 00 80 73 00 00 00
01 44 26 04 13 04 34 00 36 04 13 04 84 04 81 44
A6 04 93 84 04 01 B6 04 93 84 04 02 37 19 01 1E
13 09 E9 03 B7 19 41 1F 93 89 E9 03 5B 10 80 00
5B 10 90 00 5B 10 20 41 5B 10 30 41 5B 00 00 00
15 05 08 C0 15 04 08 90 A1 0F 00 90 21 00 00 28
A1 0F 00 80 73 00 00 00 01 44 26 04 13 04 34 00
36 04 13 04 B4 04 81 44 A6 04 93 84 04 01 B6 04
93 84 04 22 37 19 01 1E 13 09 E9 03 B7 19 41 1F
93 89 E9 03 5B 10 80 00 5B 10 90 00 5B 10 20 41
5B 10 30 41 5B 00 00 00 15 05 08 A0 15 04 08 B0
A1 0F 00 B0 21 00 00 48 A1 0F 00 80 73 00 00 00
01 44 26 04 13 04 34 00 36 04 13 04 E4 04 81 44
A6 04 93 84 04 01 B6 04 93 84 04 42 37 19 01 1E
13 09 E9 03 B7 19 41 1F 93 89 E9 03 5B 10 80 00
5B 10 90 00 5B 10 20 41 5B 10 30 41 5B 00 00 00
15 05 08 C0 15 04 08 90 A1 0F 00 90 21 00 00 28
A1 0F 00 80 73 00 00 00 01 44 26 04 13 04 34 00
36 04 13 04 14 05 81 44 A6 04 93 84 04 01 B6 04
93 84 04 62 37 19 01 1E 13 09 E9 03 B7 19 41 1F
93 89 E9 03 5B 10 80 00 5B 10 90 00 5B 10 20 41
5B 10 30 41 5B 00 00 00 15 05 08 A0 15 04 08 B0
A1 0F 00 B0 21 00 00 48 A1 0F 00 80 73 00 00 00
01 44 26 04 13 04 34 00 36 04 13 04 44 05 81 44
A6 04 93 84 04 01 B6 04 93 84 04 02 37 09 00 1E
13 09 09 04 B7 09 40 1F 93 89 09 04 5B 10 80 00
5B 10 90 00 5B 10 20 41 5B 10 30 41 5B 00 00 00
15 05 08 C0 15 04 08 90 A1 0F 00 90 21 00 00 28
A1 0F 00 80 73 00 00 00 01 44 26 04 13 04 34 00
36 04 13 04 74 05 81 44 A6 04 93 84 04 01 B6 04
93 84 04 22 37 09 00 1E 13 09 09 04 B7 09 40 1F
93 89 09 04 5B 10 80 00 5B 10 90 00 5B 10 20 41
5B 10 30 41 5B 00 00 00 15 05 08 A0 15 04 08 B0
A1 0F 00 B0 21 00 00 48 A1 0F 00 80 73 00 00 00
01 44 26 04 13 04 34 00 36 04 13 04 A4 05 81 44
A6 04 93 84 04 01 B6 04 93 84 04 42 37 09 00 1E
13 09 09 04 B7 09 40 1F 93 89 09 04 5B 10 80 00
5B 10 90 00 5B 10 20 41 5B 10 30 41 5B 00 00 00
15 05 08 C0 15 04 08 90 A1 0F 00 90 21 00 00 28
A1 0F 00 80 73 00 00 00 01 44 26 04 13 04 34 00
36 04 13 04 D4 05 81 44 A6 04 93 84 04 01 B6 04
93 84 04 62 37 09 00 1E 13 09 09 04 B7 09 40 1F
93 89 09 04 5B 10 80 00 5B 10 90 00 5B 10 20 41
5B 10 30 41 5B 00 00 00 15 05 08 A0 15 04 08 B0
A1 0F 00 B0 21 00 00 48 A1 0F 00 80 73 00 00 00
01 44 26 04 13 04 34 00 36 04 13 04 04 06 81 44
A6 04 93 84 04 01 B6 04 93 84 14 02 37 19 00 1E
13 09 E9 03 B7 19 40 1F 93 89 E9 03 5B 10 80 00
5B 10 90 00 5B 10 20 41 5B 10 30 41 5B 00 00 00
15 05 08 C0 15 04 08 90 A1 0F 00 90 21 00 00 28
A1 0F 00 80 73 00 00 00 01 44 26 04 13 04 34 00
36 04 13 04 34 06 81 44 A6 04 93 84 04 01 B6 04
93 84 14 22 37 19 00 1E 13 09 E9 03 B7 19 40 1F
93 89 E9 03 5B 10 80 00 5B 10 90 00 5B 10 20 41
5B 10 30 41 5B 00 00 00 15 05 08 A0 15 04 08 B0
A1 0F 00 B0 21 00 00 48 A1 0F 00 80 73 00 00 00
01 44 26 04 13 04 34 00 36 04 13 04 64 06 81 44
A6 04 93 84 04 01 B6 04 93 84 14 42 37 19 00 1E
13 09 E9 03 B7 19 40 1F 93 89 E9 03 5B 10 80 00
5B 10 90 00 5B 10 20 41 5B 10 30 41 5B 00 00 00
15 05 08 C0 15 04 08 90 A1 0F 00 90 21 00 00 28
A1 0F 00 80 73 00 00 00 01 44 26 04 13 04 34 00
36 04 13 04 94 06 81 44 A6 04 93 84 04 01 B6 04
93 84 14 62 37 19 00 1E 13 09 E9 03 B7 19 40 1F
93 89 E9 03 5B 10 80 00 5B 10 90 00 5B 10 20 41
5B 10 30 41 5B 00 00 00 15 05 08 A0 15 04 08 B0
A1 0F 00 B0 21 00 00 48 A1 0F 00 80 73 00 00 00
13 09 A0 00 93 09 A0 00 5B 10 20 41 5B 10 30 41
5B 00 00 00 21 08 00 58 A1 FF 81 86 A1 1F A0 86
73 00 00 00 01 44 26 04 13 04 34 00 36 04 13 04
04 00 81 44 A6 04 93 84 04 01 B6 04 93 84 04 00
37 19 81 1E 13 09 E9 03 B7 19 41 1F 93 89 E9 03
5B 10 80 00 5B 10 90 00 5B 10 20 41 5B 10 30 41
5B 00 00 00 15 05 08 D0 15 04 08 90 A1 0F 00 90
13 00 00 00 20 00 00 00 23 00 00 00 21 00 00 28
A1 0F 00 80 73 00 00 00 01 44 26 04 13 04 34 00
36 04 13 04 34 00 81 44 A6 04 93 84 04 01 B6 04
93 84 04 20 37 19 01 1E 13 09 E9 03 B7 19 41 1F
93 89 E9 03 5B 10 80 00 5B 10 90 00 5B 10 20 41
5B 10 30 41 5B 00 00 00 15 05 08 A0 15 04 08 B0
A1 0F 00 B0 21 00 00 48 A1 0F 00 80 73 00 00 00
01 44 26 04 13 04 34 00 36 04 13 04 64 00 81 44
A6 04 93 84 04 01 B6 04 93 84 04 40 37 19 01 1E
13 09 E9 03 B7 19 41 1F 93 89 E9 03 5B 10 80 00
5B 10 90 00 5B 10 20 41 5B 10 30 41 5B 00 00 00
15 05 08 C0 15 04 08 90 A1 0F 00 90 21 00 00 28
A1 0F 00 80 73 00 00 00 01 44 26 04 13 04 34 00
36 04 13 04 94 00 81 44 A6 04 93 84 04 01 B6 04
93 84 04 60 37 19 01 1E 13 09 E9 03 B7 19 41 1F
93 89 E9 03 5B 10 80 00 5B 10 90 00 5B 10 20 41
5B 10 30 41 5B 00 00 00 15 05 08 A0 15 04 08 B0
A1 0F 00 B0 21 00 00 48 A1 0F 00 80 73 00 00 00
01 44 26 04 13 04 34 00 36 04 13 04 C4 00 81 44
A6 04 93 84 04 01 B6 04 93 84 04 00 37 09 00 1E
13 09 09 04 B7 09 40 1F 93 89 09 04 5B 10 80 00
5B 10 90 00 5B 10 20 41 5B 10 30 41 5B 00 00 00
15 05 08 C0 15 04 08 90 A1 0F 00 90 21 00 00 28
A1 0F 00 80 73 00 00 00 01 44 26 04 13 04 34 00
36 04 13 04 F4 00 81 44 A6 04 93 84 04 01 B6 04
93 84 04 20 37 09 00 1E 13 09 09 04 B7 09 40 1F
93 89 09 04 5B 10 80 00 5B 10 90 00 5B 10 20 41
5B 10 30 41 5B 00 00 00 15 05 08 A0 15 04 08 B0
A1 0F 00 B0 21 00 00 48 A1 0F 00 80 73 00 00 00
01 44 26 04 13 04 34 00 36 04 13 04 24 01 81 44
A6 04 93 84 04 01 B6 04 93 84 04 40 37 09 00 1E
13 09 09 04 B7 09 40 1F 93 89 09 04 5B 10 80 00
5B 10 90 00 5B 10 20 41 5B 10 30 41 5B 00 00 00
15 05 08 C0 15 04 08 90 A1 0F 00 90 21 00 00 28
A1 0F 00 80 73 00 00 00 01 44 26 04 13 04 34 00
36 04 13 04 54 01 81 44 A6 04 93 84 04 01 B6 04
93 84 04 60 37 09 00 1E 13 09 09 04 B7 09 40 1F
93 89 09 04 5B 10 80 00 5B 10 90 00 5B 10 20 41
5B 10 30 41 5B 00 00 00 15 05 08 A0 15 04 08 B0
A1 0F 00 B0 21 00 00 48 A1 0F 00 80 73 00 00 00
01 44 26 04 13 04 34 00 36 04 13 04 84 01 81 44
A6 04 93 84 04 01 B6 04 93 84 14 00 37 19 00 1E
13 09 E9 03 B7 19 40 1F 93 89 E9 03 5B 10 80 00
5B 10 90 00 5B 10 20 41 5B 10 30 41 5B 00 00 00
15 05 08 C0 15 04 08 90 A1 0F 00 90 21 00 00 28
A1 0F 00 80 73 00 00 00 01 44 26 04 13 04 34 00
36 04 13 04 B4 01 81 44 A6 04 93 84 04 01 B6 04
93 84 14 20 37 19 00 1E 13 09 E9 03 B7 19 40 1F
93 89 E9 03 5B 10 80 00 5B 10 90 00 5B 10 20 41
5B 10 30 41 5B 00 00 00 15 05 08 A0 15 04 08 B0
A1 0F 00 B0 21 00 00 48 A1 0F 00 80 73 00 00 00
01 44 26 04 13 04 34 00 36 04 13 04 E4 01 81 44
A6 04 93 84 04 01 B6 04 93 84 14 40 37 19 00 1E
13 09 E9 03 B7 19 40 1F 93 89 E9 03 5B 10 80 00
5B 10 90 00 5B 10 20 41 5B 10 30 41 5B 00 00 00
15 05 08 C0 15 04 08 90 A1 0F 00 90 21 00 00 28
A1 0F 00 80 73 00 00 00 01 44 26 04 13 04 34 00
36 04 13 04 14 02 81 44 A6 04 93 84 04 01 B6 04
93 84 14 60 37 19 00 1E 13 09 E9 03 B7 19 40 1F
93 89 E9 03 5B 10 80 00 5B 10 90 00 5B 10 20 41
5B 10 30 41 5B 00 00 00 15 05 08 A0 15 04 08 B0
A1 0F 00 B0 21 00 00 48 A1 0F 00 80 73 00 00 00
01 44 26 04 13 04 34 00 36 04 13 04 44 02 81 44
A6 04 93 84 04 01 B6 04 93 84 04 02 37 19 01 1E
13 09 E9 03 B7 19 41 1F 93 89 E9 03 5B 10 80 00
5B 10 90 00 5B 10 20 41 5B 10 30 41 5B 00 00 00
15 05 08 C0 15 04 08 90 A1 0F 00 90 21 00 00 28
A1 0F 00 80 73 00 00 00 01 44 26 04 13 04 34 00
36 04 13 04 74 02 81 44 A6 04 93 84 04 01 B6 04
93 84 04 22 37 19 01 1E 13 09 E9 03 B7 19 41 1F
93 89 E9 03 5B 10 80 00 5B 10 90 00 5B 10 20 41
5B 10 30 41 5B 00 00 00 15 05 08 A0 15 04 08 B0
A1 0F 00 B0 21 00 00 48 A1 0F 00 80 73 00 00 00
01 44 26 04 13 04 34 00 36 04 13 04 A4 02 81 44
A6 04 93 84 04 01 B6 04 93 84 04 42 37 19 01 1E
13 09 E9 03 B7 19 41 1F 93 89 E9 03 5B 10 80 00
5B 10 90 00 5B 10 20 41 5B 10 30 41 5B 00 00 00
15 05 08 C0 15 04 08 90 A1 0F 00 90 21 00 00 28
A1 0F 00 80 73 00 00 00 01 44 26 04 13 04 34 00
36 04 13 04 D4 02 81 44 A6 04 93 84 04 01 B6 04
93 84 04 62 37 19 01 1E 13 09 E9 03 B7 19 41 1F
93 89 E9 03 5B 10 80 00 5B 10 90 00 5B 10 20 41
5B 10 30 41 5B 00 00 00 15 05 08 A0 15 04 08 B0
A1 0F 00 B0 21 00 00 48 A1 0F 00 80 73 00 00 00
01 44 26 04 13 04 34 00 36 04 13 04 04 03 81 44
A6 04 93 84 04 01 B6 04 93 84 04 02 37 09 00 1E
13 09 09 04 B7 09 40 1F 93 89 09 04 5B 10 80 00
5B 10 90 00 5B 10 20 41 5B 10 30 41 5B 00 00 00
15 05 08 C0 15 04 08 90 A1 0F 00 90 21 00 00 28
A1 0F 00 80 73 00 00 00 01 44 26 04 13 04 34 00
36 04 13 04 34 03 81 44 A6 04 93 84 04 01 B6 04
93 84 04 22 37 09 00 1E 13 09 09 04 B7 09 40 1F
93 89 09 04 5B 10 80 00 5B 10 90 00 5B 10 20 41
5B 10 30 41 5B 00 00 00 15 05 08 A0 15 04 08 B0
A1 0F 00 B0 21 00 00 48 A1 0F 00 80 73 00 00 00
01 44 26 04 13 04 34 00 36 04 13 04 64 03 81 44
A6 04 93 84 04 01 B6 04 93 84 04 42 37 09 00 1E
13 09 09 04 B7 09 40 1F 93 89 09 04 5B 10 80 00
5B 10 90 00 5B 10 20 41 5B 10 30 41 5B 00 00 00
15 05 08 C0 15 04 08 90 A1 0F 00 90 21 00 00 28
A1 0F 00 80 73 00 00 00 01 44 26 04 13 04 34 00
36 04 13 04 94 03 81 44 A6 04 93 84 04 01 B6 04
93 84 04 62 37 09 00 1E 13 09 09 04 B7 09 40 1F
93 89 09 04 5B 10 80 00 5B 10 90 00 5B 10 20 41
5B 10 30 41 5B 00 00 00 15 05 08 A0 15 04 08 B0
A1 0F 00 B0 21 00 00 48 A1 0F 00 80 73 00 00 00
01 44 26 04 13 04 34 00 36 04 13 04 C4 03 81 44
A6 04 93 84 04 01 B6 04 93 84 14 02 37 19 00 1E
13 09 E9 03 B7 19 40 1F 93 89 E9 03 5B 10 80 00
5B 10 90 00 5B 10 20 41 5B 10 30 41 5B 00 00 00
15 05 08 C0 15 04 08 90 A1 0F 00 90 21 00 00 28
A1 0F 00 80 73 00 00 00 01 44 26 04 13 04 34 00
36 04 13 04 F4 03 81 44 A6 04 93 84 04 01 B6 04
93 84 14 22 37 19 00 1E 13 09 E9 03 B7 19 40 1F
93 89 E9 03 5B 10 80 00 5B 10 90 00 5B 10 20 41
5B 10 30 41 5B 00 00 00 15 05 08 A0 15 04 08 B0
A1 0F 00 B0 21 00 00 48 A1 0F 00 80 73 00 00 00
01 44 26 04 13 04 34 00 36 04 13 04 24 04 81 44
A6 04 93 84 04 01 B6 04 93 84 14 42 37 19 00 1E
13 09 E9 03 B7 19 40 1F 93 89 E9 03 5B 10 80 00
5B 10 90 00 5B 10 20 41 5B 10 30 41 5B 00 00 00
15 05 08 C0 15 04 08 90 A1 0F 00 90 21 00 00 28
A1 0F 00 80 73 00 00 00 01 44 26 04 13 04 34 00
36 04 13 04 54 04 81 44 A6 04 93 84 04 01 B6 04
93 84 14 62 37 19 00 1E 13 09 E9 03 B7 19 40 1F
93 89 E9 03 5B 10 80 00 5B 10 90 00 5B 10 20 41
5B 10 30 41 5B 00 00 00 15 05 08 A0 15 04 08 B0
A1 0F 00 B0 21 00 00 48 A1 0F 00 80 73 00 00 00
01 44 26 04 13 04 34 00 36 04 13 04 84 04 81 44
A6 04 93 84 04 01 B6 04 93 84 04 04 37 19 01 1E
13 09 E9 03 B7 19 41 1F 93 89 E9 03 5B 10 80 00
5B 10 90 00 5B 10 20 41 5B 10 30 41 5B 00 00 00
15 05 08 C0 15 04 08 90 A1 0F 00 90 21 00 00 28
A1 0F 00 80 73 00 00 00 01 44 26 04 13 04 34 00
36 04 13 04 B4 04 81 44 A6 04 93 84 04 01 B6 04
93 84 04 24 37 19 01 1E 13 09 E9 03 B7 19 41 1F
93 89 E9 03 5B 10 80 00 5B 10 90 00 5B 10 20 41
5B 10 30 41 5B 00 00 00 15 05 08 A0 15 04 08 B0
A1 0F 00 B0 21 00 00 48 A1 0F 00 80 73 00 00 00
01 44 26 04 13 04 34 00 36 04 13 04 E4 04 81 44
A6 04 93 84 04 01 B6 04 93 84 04 44 37 19 01 1E
13 09 E9 03 B7 19 41 1F 93 89 E9 03 5B 10 80 00
5B 10 90 00 5B 10 20 41 5B 10 30 41 5B 00 00 00
15 05 08 C0 15 04 08 90 A1 0F 00 90 21 00 00 28
A1 0F 00 80 73 00 00 00 01 44 26 04 13 04 34 00
36 04 13 04 14 05 81 44 A6 04 93 84 04 01 B6 04
93 84 04 64 37 19 01 1E 13 09 E9 03 B7 19 41 1F
93 89 E9 03 5B 10 80 00 5B 10 90 00 5B 10 20 41
5B 10 30 41 5B 00 00 00 15 05 08 A0 15 04 08 B0
A1 0F 00 B0 21 00 00 48 A1 0F 00 80 73 00 00 00
01 44 26 04 13 04 34 00 36 04 13 04 44 05 81 44
A6 04 93 84 04 01 B6 04 93 84 04 04 37 09 00 1E
13 09 09 04 B7 09 40 1F 93 89 09 04 5B 10 80 00
5B 10 90 00 5B 10 20 41 5B 10 30 41 5B 00 00 00
15 05 08 C0 15 04 08 90 A1 0F 00 90 21 00 00 28
A1 0F 00 80 73 00 00 00 01 44 26 04 13 04 34 00
36 04 13 04 74 05 81 44 A6 04 93 84 04 01 B6 04
93 84 04 24 37 09 00 1E 13 09 09 04 B7 09 40 1F
93 89 09 04 5B 10 80 00 5B 10 90 00 5B 10 20 41
5B 10 30 41 5B 00 00 00 15 05 08 A0 15 04 08 B0
A1 0F 00 B0 21 00 00 48 A1 0F 00 80 73 00 00 00
01 44 26 04 13 04 34 00 36 04 13 04 A4 05 81 44
A6 04 93 84 04 01 B6 04 93 84 04 44 37 09 00 1E
13 09 09 04 B7 09 40 1F 93 89 09 04 5B 10 80 00
5B 10 90 00 5B 10 20 41 5B 10 30 41 5B 00 00 00
15 05 08 C0 15 04 08 90 A1 0F 00 90 21 00 00 28
A1 0F 00 80 73 00 00 00 01 44 26 04 13 04 34 00
36 04 13 04 D4 05 81 44 A6 04 93 84 04 01 B6 04
93 84 04 64 37 09 00 1E 13 09 09 04 B7 09 40 1F
93 89 09 04 5B 10 80 00 5B 10 90 00 5B 10 20 41
5B 10 30 41 5B 00 00 00 15 05 08 A0 15 04 08 B0
A1 0F 00 B0 21 00 00 48 A1 0F 00 80 73 00 00 00
01 44 26 04 13 04 34 00 36 04 13 04 04 06 81 44
A6 04 93 84 04 01 B6 04 93 84 14 04 37 19 00 1E
13 09 E9 03 B7 19 40 1F 93 89 E9 03 5B 10 80 00
5B 10 90 00 5B 10 20 41 5B 10 30 41 5B 00 00 00
15 05 08 C0 15 04 08 90 A1 0F 00 90 21 00 00 28
A1 0F 00 80 73 00 00 00 01 44 26 04 13 04 34 00
36 04 13 04 34 06 81 44 A6 04 93 84 04 01 B6 04
93 84 14 24 37 19 00 1E 13 09 E9 03 B7 19 40 1F
93 89 E9 03 5B 10 80 00 5B 10 90 00 5B 10 20 41
5B 10 30 41 5B 00 00 00 15 05 08 A0 15 04 08 B0
A1 0F 00 B0 21 00 00 48 A1 0F 00 80 73 00 00 00
01 44 26 04 13 04 34 00 36 04 13 04 64 06 81 44
A6 04 93 84 04 01 B6 04 93 84 14 44 37 19 00 1E
13 09 E9 03 B7 19 40 1F 93 89 E9 03 5B 10 80 00
5B 10 90 00 5B 10 20 41 5B 10 30 41 5B 00 00 00
15 05 08 C0 15 04 08 90 A1 0F 00 90 21 00 00 28
A1 0F 00 80 73 00 00 00 01 44 26 04 13 04 34 00
36 04 13 04 94 06 81 44 A6 04 93 84 04 01 B6 04
93 84 14 64 37 19 00 1E 13 09 E9 03 B7 19 40 1F
93 89 E9 03 5B 10 80 00 5B 10 90 00 5B 10 20 41
5B 10 30 41 5B 00 00 00 15 05 08 A0 15 04 08 B0
A1 0F 00 B0 21 00 00 48 A1 0F 00 80 73 00 00 00
13 09 A0 00 93 09 A0 00 5B 10 20 41 5B 10 30 41
5B 00 00 00 21 08 00 58 A1 FF 81 86 A1 1F A0 86
73 00 00 00 01 44 26 04 13 04 34 00 36 04 13 04
04 00 81 44 A6 04 93 84 04 01 B6 04 93 84 04 02
37 19 81 1E 13 09 E9 03 B7 19 41 1F 93 89 E9 03
5B 10 80 00 5B 10 90 00 5B 10 20 41 5B 10 30 41
5B 00 00 00 15 05 08 D0 15 04 08 90 A1 0F 00 90
12 40 06 25 13 00 00 00 20 00 00 00 23 02 00 00
21 00 00 28 A1 0F 00 80 73 00 00 00 01 44 26 04
13 04 34 00 36 04 13 04 34 00 81 44 A6 04 93 84
04 01 B6 04 93 84 04 22 37 19 01 1E 13 09 E9 03
B7 19 41 1F 93 89 E9 03 5B 10 80 00 5B 10 90 00
5B 10 20 41 5B 10 30 41 5B 00 00 00 15 05 08 A0
15 04 08 B0 A1 0F 00 B0 21 00 00 48 A1 0F 00 80
73 00 00 00 01 44 26 04 13 04 34 00 36 04 13 04
64 00 81 44 A6 04 93 84 04 01 B6 04 93 84 04 42
37 19 01 1E 13 09 E9 03 B7 19 41 1F 93 89 E9 03
5B 10 80 00 5B 10 90 00 5B 10 20 41 5B 10 30 41
5B 00 00 00 15 05 08 C0 15 04 08 90 A1 0F 00 90
21 00 00 28 A1 0F 00 80 73 00 00 00 01 44 26 04
13 04 34 00 36 04 13 04 94 00 81 44 A6 04 93 84
04 01 B6 04 93 84 04 62 37 19 01 1E 13 09 E9 03
B7 19 41 1F 93 89 E9 03 5B 10 80 00 5B 10 90 00
5B 10 20 41 5B 10 30 41 5B 00 00 00 15 05 08 A0
15 04 08 B0 A1 0F 00 B0 21 00 00 48 A1 0F 00 80
73 00 00 00 01 44 26 04 13 04 34 00 36 04 13 04
C4 00 81 44 A6 04 93 84 04 01 B6 04 93 84 04 02
37 09 00 1E 13 09 09 04 B7 09 40 1F 93 89 09 04
5B 10 80 00 5B 10 90 00 5B 10 20 41 5B 10 30 41
5B 00 00 00 15 05 08 C0 15 04 08 90 A1 0F 00 90
21 00 00 28 A1 0F 00 80 73 00 00 00 01 44 26 04
13 04 34 00 36 04 13 04 F4 00 81 44 A6 04 93 84
04 01 B6 04 93 84 04 22 37 09 00 1E 13 09 09 04
B7 09 40 1F 93 89 09 04 5B 10 80 00 5B 10 90 00
5B 10 20 41 5B 10 30 41 5B 00 00 00 15 05 08 A0
15 04 08 B0 A1 0F 00 B0 21 00 00 48 A1 0F 00 80
73 00 00 00 01 44 26 04 13 04 34 00 36 04 13 04
24 01 81 44 A6 04 93 84 04 01 B6 04 93 84 04 42
37 09 00 1E 13 09 09 04 B7 09 40 1F 93 89 09 04
5B 10 80 00 5B 10 90 00 5B 10 20 41 5B 10 30 41
5B 00 00 00 15 05 08 C0 15 04 08 90 A1 0F 00 90
21 00 00 28 A1 0F 00 80 73 00 00 00 01 44 26 04
13 04 34 00 36 04 13 04 54 01 81 44 A6 04 93 84
04 01 B6 04 93 84 04 62 37 09 00 1E 13 09 09 04
B7 09 40 1F 93 89 09 04 5B 10 80 00 5B 10 90 00
5B 10 20 41 5B 10 30 41 5B 00 00 00 15 05 08 A0
15 04 08 B0 A1 0F 00 B0 21 00 00 48 A1 0F 00 80
73 00 00 00 01 44 26 04 13 04 34 00 36 04 13 04
84 01 81 44 A6 04 93 84 04 01 B6 04 93 84 14 02
37 19 00 1E 13 09 E9 03 B7 19 40 1F 93 89 E9 03
5B 10 80 00 5B 10 90 00 5B 10 20 41 5B 10 30 41
5B 00 00 00 15 05 08 C0 15 04 08 90 A1 0F 00 90
21 00 00 28 A1 0F 00 80 73 00 00 00 01 44 26 04
13 04 34 00 36 04 13 04 B4 01 81 44 A6 04 93 84
04 01 B6 04 93 84 14 22 37 19 00 1E 13 09 E9 03
B7 19 40 1F 93 89 E9 03 5B 10 80 00 5B 10 90 00
5B 10 20 41 5B 10 30 41 5B 00 00 00 15 05 08 A0
15 04 08 B0 A1 0F 00 B0 21 00 00 48 A1 0F 00 80
73 00 00 00 01 44 26 04 13 04 34 00 36 04 13 04
E4 01 81 44 A6 04 93 84 04 01 B6 04 93 84 14 42
37 19 00 1E 13 09 E9 03 B7 19 40 1F 93 89 E9 03
5B 10 80 00 5B 10 90 00 5B 10 20 41 5B 10 30 41
5B 00 00 00 15 05 08 C0 15 04 08 90 A1 0F 00 90
21 00 00 28 A1 0F 00 80 73 00 00 00 01 44 26 04
13 04 34 00 36 04 13 04 14 02 81 44 A6 04 93 84
04 01 B6 04 93 84 14 62 37 19 00 1E 13 09 E9 03
B7 19 40 1F 93 89 E9 03 5B 10 80 00 5B 10 90 00
5B 10 20 41 5B 10 30 41 5B 00 00 00 15 05 08 A0
15 04 08 B0 A1 0F 00 B0 21 00 00 48 A1 0F 00 80
73 00 00 00 01 44 26 04 13 04 34 00 36 04 13 04
44 02 81 44 A6 04 93 84 04 01 B6 04 93 84 04 04
37 19 01 1E 13 09 E9 03 B7 19 41 1F 93 89 E9 03
5B 10 80 00 5B 10 90 00 5B 10 20 41 5B 10 30 41
5B 00 00 00 15 05 08 C0 15 04 08 90 A1 0F 00 90
21 00 00 28 A1 0F 00 80 73 00 00 00 01 44 26 04
13 04 34 00 36 04 13 04 74 02 81 44 A6 04 93 84
04 01 B6 04 93 84 04 24 37 19 01 1E 13 09 E9 03
B7 19 41 1F 93 89 E9 03 5B 10 80 00 5B 10 90 00
5B 10 20 41 5B 10 30 41 5B 00 00 00 15 05 08 A0
15 04 08 B0 A1 0F 00 B0 21 00 00 48 A1 0F 00 80
73 00 00 00 01 44 26 04 13 04 34 00 36 04 13 04
A4 02 81 44 A6 04 93 84 04 01 B6 04 93 84 04 44
37 19 01 1E 13 09 E9 03 B7 19 41 1F 93 89 E9 03
5B 10 80 00 5B 10 90 00 5B 10 20 41 5B 10 30 41
5B 00 00 00 15 05 08 C0 15 04 08 90 A1 0F 00 90
21 00 00 28 A1 0F 00 80 73 00 00 00 01 44 26 04
13 04 34 00 36 04 13 04 D4 02 81 44 A6 04 93 84
04 01 B6 04 93 84 04 64 37 19 01 1E 13 09 E9 03
B7 19 41 1F 93 89 E9 03 5B 10 80 00 5B 10 90 00
5B 10 20 41 5B 10 30 41 5B 00 00 00 15 05 08 A0
15 04 08 B0 A1 0F 00 B0 21 00 00 48 A1 0F 00 80
73 00 00 00 01 44 26 04 13 04 34 00 36 04 13 04
04 03 81 44 A6 04 93 84 04 01 B6 04 93 84 04 04
37 09 00 1E 13 09 09 04 B7 09 40 1F 93 89 09 04
5B 10 80 00 5B 10 90 00 5B 10 20 41 5B 10 30 41
5B 00 00 00 15 05 08 C0 15 04 08 90 A1 0F 00 90
21 00 00 28 A1 0F 00 80 73 00 00 00 01 44 26 04
13 04 34 00 36 04 13 04 34 03 81 44 A6 04 93 84
04 01 B6 04 93 84 04 24 37 09 00 1E 13 09 09 04
B7 09 40 1F 93 89 09 04 5B 10 80 00 5B 10 90 00
5B 10 20 41 5B 10 30 41 5B 00 00 00 15 05 08 A0
15 04 08 B0 A1 0F 00 B0 21 00 00 48 A1 0F 00 80
73 00 00 00 01 44 26 04 13 04 34 00 36 04 13 04
64 03 81 44 A6 04 93 84 04 01 B6 04 93 84 04 44
37 09 00 1E 13 09 09 04 B7 09 40 1F 93 89 09 04
5B 10 80 00 5B 10 90 00 5B 10 20 41 5B 10 30 41
5B 00 00 00 15 05 08 C0 15 04 08 90 A1 0F 00 90
21 00 00 28 A1 0F 00 80 73 00 00 00 01 44 26 04
13 04 34 00 36 04 13 04 94 03 81 44 A6 04 93 84
04 01 B6 04 93 84 04 64 37 09 00 1E 13 09 09 04
B7 09 40 1F 93 89 09 04 5B 10 80 00 5B 10 90 00
5B 10 20 41 5B 10 30 41 5B 00 00 00 15 05 08 A0
15 04 08 B0 A1 0F 00 B0 21 00 00 48 A1 0F 00 80
73 00 00 00 01 44 26 04 13 04 34 00 36 04 13 04
C4 03 81 44 A6 04 93 84 04 01 B6 04 93 84 14 04
37 19 00 1E 13 09 E9 03 B7 19 40 1F 93 89 E9 03
5B 10 80 00 5B 10 90 00 5B 10 20 41 5B 10 30 41
5B 00 00 00 15 05 08 C0 15 04 08 90 A1 0F 00 90
21 00 00 28 A1 0F 00 80 73 00 00 00 01 44 26 04
13 04 34 00 36 04 13 04 F4 03 81 44 A6 04 93 84
04 01 B6 04 93 84 14 24 37 19 00 1E 13 09 E9 03
B7 19 40 1F 93 89 E9 03 5B 10 80 00 5B 10 90 00
5B 10 20 41 5B 10 30 41 5B 00 00 00 15 05 08 A0
15 04 08 B0 A1 0F 00 B0 21 00 00 48 A1 0F 00 80
73 00 00 00 01 44 26 04 13 04 34 00 36 04 13 04
24 04 81 44 A6 04 93 84 04 01 B6 04 93 84 14 44
37 19 00 1E 13 09 E9 03 B7 19 40 1F 93 89 E9 03
5B 10 80 00 5B 10 90 00 5B 10 20 41 5B 10 30 41
5B 00 00 00 15 05 08 C0 15 04 08 90 A1 0F 00 90
21 00 00 28 A1 0F 00 80 73 00 00 00 01 44 26 04
13 04 34 00 36 04 13 04 54 04 81 44 A6 04 93 84
04 01 B6 04 93 84 14 64 37 19 00 1E 13 09 E9 03
B7 19 40 1F 93 89 E9 03 5B 10 80 00 5B 10 90 00
5B 10 20 41 5B 10 30 41 5B 00 00 00 15 05 08 A0
15 04 08 B0 A1 0F 00 B0 21 00 00 48 A1 0F 00 80
73 00 00 00 01 44 26 04 13 04 34 00 36 04 13 04
84 04 81 44 A6 04 93 84 04 01 B6 04 93 84 04 06
37 19 01 1E 13 09 E9 03 B7 19 41 1F 93 89 E9 03
5B 10 80 00 5B 10 90 00 5B 10 20 41 5B 10 30 41
5B 00 00 00 15 05 08 C0 15 04 08 90 A1 0F 00 90
21 00 00 28 A1 0F 00 80 73 00 00 00 01 44 26 04
13 04 34 00 36 04 13 04 B4 04 81 44 A6 04 93 84
04 01 B6 04 93 84 04 26 37 19 01 1E 13 09 E9 03
B7 19 41 1F 93 89 E9 03 5B 10 80 00 5B 10 90 00
5B 10 20 41 5B 10 30 41 5B 00 00 00 15 05 08 A0
15 04 08 B0 A1 0F 00 B0 21 00 00 48 A1 0F 00 80
73 00 00 00 01 44 26 04 13 04 34 00 36 04 13 04
E4 04 81 44 A6 04 93 84 04 01 B6 04 93 84 04 46
37 19 01 1E 13 09 E9 03 B7 19 41 1F 93 89 E9 03
5B 10 80 00 5B 10 90 00 5B 10 20 41 5B 10 30 41
5B 00 00 00 15 05 08 C0 15 04 08 90 A1 0F 00 90
21 00 00 28 A1 0F 00 80 73 00 00 00 01 44 26 04
13 04 34 00 36 04 13 04 14 05 81 44 A6 04 93 84
04 01 B6 04 93 84 04 66 37 19 01 1E 13 09 E9 03
B7 19 41 1F 93 89 E9 03 5B 10 80 00 5B 10 90 00
5B 10 20 41 5B 10 30 41 5B 00 00 00 15 05 08 A0
15 04 08 B0 A1 0F 00 B0 21 00 00 48 A1 0F 00 80
73 00 00 00 01 44 26 04 13 04 34 00 36 04 13 04
44 05 81 44 A6 04 93 84 04 01 B6 04 93 84 04 06
37 09 00 1E 13 09 09 04 B7 09 40 1F 93 89 09 04
5B 10 80 00 5B 10 90 00 5B 10 20 41 5B 10 30 41
5B 00 00 00 15 05 08 C0 15 04 08 90 A1 0F 00 90
21 00 00 28 A1 0F 00 80 73 00 00 00 01 44 26 04
13 04 34 00 36 04 13 04 74 05 81 44 A6 04 93 84
04 01 B6 04 93 84 04 26 37 09 00 1E 13 09 09 04
B7 09 40 1F 93 89 09 04 5B 10 80 00 5B 10 90 00
5B 10 20 41 5B 10 30 41 5B 00 00 00 15 05 08 A0
15 04 08 B0 A1 0F 00 B0 21 00 00 48 A1 0F 00 80
73 00 00 00 01 44 26 04 13 04 34 00 36 04 13 04
A4 05 81 44 A6 04 93 84 04 01 B6 04 93 84 04 46
37 09 00 1E 13 09 09 04 B7 09 40 1F 93 89 09 04
5B 10 80 00 5B 10 90 00 5B 10 20 41 5B 10 30 41
5B 00 00 00 15 05 08 C0 15 04 08 90 A1 0F 00 90
21 00 00 28 A1 0F 00 80 73 00 00 00 01 44 26 04
13 04 34 00 36 04 13 04 D4 05 81 44 A6 04 93 84
04 01 B6 04 93 84 04 66 37 09 00 1E 13 09 09 04
B7 09 40 1F 93 89 09 04 5B 10 80 00 5B 10 90 00
5B 10 20 41 5B 10 30 41 5B 00 00 00 15 05 08 A0
15 04 08 B0 A1 0F 00 B0 21 00 00 48 A1 0F 00 80
73 00 00 00 01 44 26 04 13 04 34 00 36 04 13 04
04 06 81 44 A6 04 93 84 04 01 B6 04 93 84 14 06
37 19 00 1E 13 09 E9 03 B7 19 40 1F 93 89 E9 03
5B 10 80 00 5B 10 90 00 5B 10 20 41 5B 10 30 41
5B 00 00 00 15 05 08 C0 15 04 08 90 A1 0F 00 90
21 00 00 28 A1 0F 00 80 73 00 00 00 01 44 26 04
13 04 34 00 36 04 13 04 34 06 81 44 A6 04 93 84
04 01 B6 04 93 84 14 26 37 19 00 1E 13 09 E9 03
B7 19 40 1F 93 89 E9 03 5B 10 80 00 5B 10 90 00
5B 10 20 41 5B 10 30 41 5B 00 00 00 15 05 08 A0
15 04 08 B0 A1 0F 00 B0 21 00 00 48 A1 0F 00 80
73 00 00 00 01 44 26 04 13 04 34 00 36 04 13 04
64 06 81 44 A6 04 93 84 04 01 B6 04 93 84 14 46
37 19 00 1E 13 09 E9 03 B7 19 40 1F 93 89 E9 03
5B 10 80 00 5B 10 90 00 5B 10 20 41 5B 10 30 41
5B 00 00 00 15 05 08 C0 15 04 08 90 A1 0F 00 90
21 00 00 28 A1 0F 00 80 73 00 00 00 01 44 26 04
13 04 34 00 36 04 13 04 94 06 81 44 A6 04 93 84
04 01 B6 04 93 84 14 66 37 19 00 1E 13 09 E9 03
B7 19 40 1F 93 89 E9 03 5B 10 80 00 5B 10 90 00
5B 10 20 41 5B 10 30 41 5B 00 00 00 15 05 08 A0
15 04 08 B0 A1 0F 00 B0 21 00 00 48 A1 0F 00 80
73 00 00 00 13 09 A0 00 93 09 A0 00 5B 10 20 41
5B 10 30 41 5B 00 00 00 21 08 00 58 A1 FF 81 86
A1 1F A0 86 12 80 06 25 13 00 00 00 23 03 00 00
17 00 00 08 19 00 00 00 19 00 00 00 19 00 00 00
19 00 00 00 19 00 00 00 19 00 00 00 19 00 00 00
19 00 00 00 19 00 00 00 73 00 00 00 73 00 50 10
5B 00 00 00 A2 28 01 40 10 B2 01 00 12 00 00 42
12 00 00 43 12 00 06 44 12 00 00 46 12 00 00 47
12 01 00 4B 12 BF 00 4F 12 00 00 50 12 BF 00 51
17 00 00 04 17 00 00 08 19 00 00 00 19 00 00 00
19 00 00 00 19 00 00 00 19 00 00 00 19 00 00 00
19 00 00 00 19 00 00 00 19 00 00 00 73 00 00 00
73 00 50 10
