00 00 00 80 00 00 00 80 00 00 00 80 00 00 00 80
00 00 00 80 00 00 00 80 00 00 00 80 00 00 00 80
00 00 00 80 00 00 00 80 00 00 00 80 00 00 00 80
00 00 00 80 00 00 00 80 00 00 00 80 00 00 00 80
00 00 00 80 00 00 00 80 00 00 00 80 00 00 00 80
00 00 00 80 00 00 00 80 00 00 00 80 00 00 00 80
00 00 00 80 00 20 00 80 03 00 01 00
@00002000
41 44 36 04 93 03 44 02 A1 44 B6 04 05 45 36 05
37 09 20 00 13 09 C9 03 05 46 36 06 05 06 B7 09
20 00 93 89 C9 0B 5B 10 80 00 5B 10 70 00 5B 10
90 00 5B 10 A0 00 5B 10 20 41 5B 10 C0 00 5B 10
30 41 5B 00 00 00 22 20 01 40 10 82 02 00 90 00
00 40 12 00 00 C0 12 00 00 C2 12 00 00 C4 12 00
00 C6 12 00 00 C8 12 00 00 CA 12 00 00 CC 12 00
01 CE 12 00 00 D0 12 00 00 D2 12 00 00 D4 12 00
00 D6 92 00 00 D8 12 00 00 DA 12 00 00 DC 12 00
00 DE 92 3F 05 E0 12 00 00 E2 92 3F 05 E4 12 00
00 E6 12 00 00 E8 12 00 00 EA 12 00 00 EC 17 00
00 06 17 00 00 08 12 00 00 00 12 00 00 02 12 00
00 04 92 00 00 06 12 00 00 08 12 00 00 0A 12 00
00 0C 12 00 00 0E 12 00 00 10 12 00 00 12 12 00
00 14 92 00 00 16 12 00 00 18 12 00 00 1A 12 00
00 1C 92 1F 01 1E 12 00 00 20 92 1F 01 22 12 00
00 24 12 00 00 26 12 00 00 28 12 00 00 2A 12 00
00 38 12 00 00 3A 92 00 00 3C 91 75 23 81 17 00
00 08 12 00 00 00 12 00 00 02 12 00 00 04 92 00
00 06 12 00 00 08 12 00 00 0A 12 20 01 0C 12 00
00 0E 12 00 00 10 12 00 00 12 12 00 00 14 92 00
00 16 12 00 00 18 12 00 00 1A 12 00 00 1C 92 1F
00 1E 12 00 00 20 92 1F 00 22 12 00 00 24 12 00
00 26 12 00 00 28 12 00 00 2A 12 00 00 38 12 00
00 3A 92 00 00 3C 91 F5 23 80 17 00 00 08 12 00
00 00 12 00 00 02 12 00 00 04 92 00 00 06 12 00
00 08 12 00 00 0A 12 40 01 0C 12 00 00 0E 12 00
00 10 12 00 00 12 12 00 00 14 92 00 00 16 12 00
00 18 12 00 00 1A 12 00 00 1C 92 FF 03 1E 12 00
00 20 92 FF 03 22 12 00 00 24 12 00 00 26 12 00
00 28 12 00 00 2A 12 00 00 38 12 00 00 3A 92 00
00 3C 91 04 00 80 17 00 00 08 15 05 08 80 15 04
F0 10 A1 0E 02 90 15 05 08 80 A1 0E 00 80 73 00
00 00 05 45 36 05 09 05 85 45 B6 05 93 85 05 40
05 46 36 06 0D 06 5B 10 A0 00 5B 10 B0 00 5B 10
20 41 5B 10 C0 00 5B 10 30 41 5B 00 00 00 15 05
08 80 15 04 F0 A0 A1 0E 00 A0 15 05 08 80 A1 0E
00 80 73 00 00 00 05 45 36 05 11 05 85 45 B6 05
93 85 15 00 05 46 36 06 15 06 5B 10 A0 00 5B 10
B0 00 5B 10 20 41 5B 10 C0 00 5B 10 30 41 5B 00
00 00 15 05 08 80 15 04 F0 90 A1 0E 00 90 15 05
08 80 A1 0E 00 80 73 00 00 00 05 45 36 05 19 05
85 45 B6 05 93 85 15 40 05 46 36 06 1D 06 5B 10
A0 00 5B 10 B0 00 5B 10 20 41 5B 10 C0 00 5B 10
30 41 5B 00 00 00 15 05 08 80 15 04 F0 A0 A1 0E
00 A0 15 05 08 80 A1 0E 00 80 73 00 00 00 05 45
36 05 21 05 85 45 B6 05 93 85 25 00 05 46 36 06
25 06 5B 10 A0 00 5B 10 B0 00 5B 10 20 41 5B 10
C0 00 5B 10 30 41 5B 00 00 00 15 05 08 80 15 04
F0 90 A1 0E 00 90 15 05 08 80 A1 0E 00 80 73 00
00 00 05 45 36 05 29 05 85 45 B6 05 93 85 25 40
05 46 36 06 2D 06 5B 10 A0 00 5B 10 B0 00 5B 10
20 41 5B 10 C0 00 5B 10 30 41 5B 00 00 00 15 05
08 80 15 04 F0 A0 A1 0E 00 A0 15 05 08 80 A1 0E
00 80 73 00 00 00 05 45 36 05 31 05 85 45 B6 05
93 85 05 02 05 46 36 06 35 06 5B 10 A0 00 5B 10
B0 00 5B 10 20 41 5B 10 C0 00 5B 10 30 41 5B 00
00 00 15 05 08 80 15 04 F0 90 A1 0E 00 90 15 05
08 80 A1 0E 00 80 73 00 00 00 05 45 36 05 39 05
85 45 B6 05 93 85 05 42 05 46 36 06 3D 06 5B 10
A0 00 5B 10 B0 00 5B 10 20 41 5B 10 C0 00 5B 10
30 41 5B 00 00 00 15 05 08 80 15 04 F0 A0 A1 0E
00 A0 15 05 08 80 A1 0E 00 80 73 00 00 00 05 45
36 05 41 05 85 45 B6 05 93 85 15 02 05 46 36 06
45 06 5B 10 A0 00 5B 10 B0 00 5B 10 20 41 5B 10
C0 00 5B 10 30 41 5B 00 00 00 15 05 08 80 15 04
F0 90 A1 0E 00 90 15 05 08 80 A1 0E 00 80 73 00
00 00 05 45 36 05 49 05 85 45 B6 05 93 85 15 42
05 46 36 06 4D 06 5B 10 A0 00 5B 10 B0 00 5B 10
20 41 5B 10 C0 00 5B 10 30 41 5B 00 00 00 15 05
08 80 15 04 F0 A0 A1 0E 00 A0 15 05 08 80 A1 0E
00 80 73 00 00 00 05 45 36 05 51 05 85 45 B6 05
93 85 25 02 05 46 36 06 55 06 5B 10 A0 00 5B 10
B0 00 5B 10 20 41 5B 10 C0 00 5B 10 30 41 5B 00
00 00 15 05 08 80 15 04 F0 90 A1 0E 00 90 15 05
08 80 A1 0E 00 80 73 00 00 00 05 45 36 05 59 05
85 45 B6 05 93 85 25 42 05 46 36 06 5D 06 5B 10
A0 00 5B 10 B0 00 5B 10 20 41 5B 10 C0 00 5B 10
30 41 5B 00 00 00 15 05 08 80 15 04 F0 A0 A1 0E
00 A0 15 05 08 80 A1 0E 00 80 73 00 00 00 05 45
36 05 61 05 85 45 B6 05 93 85 05 04 05 46 36 06
65 06 5B 10 A0 00 5B 10 B0 00 5B 10 20 41 5B 10
C0 00 5B 10 30 41 5B 00 00 00 15 05 08 80 15 04
F0 90 A1 0E 00 90 15 05 08 80 A1 0E 00 80 73 00
00 00 05 45 36 05 69 05 85 45 B6 05 93 85 05 44
05 46 36 06 6D 06 5B 10 A0 00 5B 10 B0 00 5B 10
20 41 5B 10 C0 00 5B 10 30 41 5B 00 00 00 15 05
08 80 15 04 F0 A0 A1 0E 00 A0 15 05 08 80 A1 0E
00 80 73 00 00 00 05 45 36 05 71 05 85 45 B6 05
93 85 15 04 05 46 36 06 75 06 5B 10 A0 00 5B 10
B0 00 5B 10 20 41 5B 10 C0 00 5B 10 30 41 5B 00
00 00 15 05 08 80 15 04 F0 90 A1 0E 00 90 15 05
08 80 A1 0E 00 80 73 00 00 00 05 45 36 05 79 05
85 45 B6 05 93 85 15 44 05 46 36 06 7D 06 5B 10
A0 00 5B 10 B0 00 5B 10 20 41 5B 10 C0 00 5B 10
30 41 5B 00 00 00 15 05 08 80 15 04 F0 A0 A1 0E
00 A0 15 05 08 80 A1 0E 00 80 73 00 00 00 05 45
36 05 13 05 05 02 85 45 B6 05 93 85 25 04 05 46
36 06 13 06 16 02 5B 10 A0 00 5B 10 B0 00 5B 10
20 41 5B 10 C0 00 5B 10 30 41 5B 00 00 00 15 05
08 80 15 04 F0 90 A1 0E 00 90 15 05 08 80 A1 0E
00 80 73 00 00 00 05 45 36 05 13 05 25 02 85 45
B6 05 93 85 25 44 05 46 36 06 13 06 36 02 93 06
50 02 5B 10 A0 00 5B 10 B0 00 5B 10 20 41 5B 10
C0 00 5B 10 30 41 5B 10 D0 40 5B 00 00 00 15 05
08 80 15 04 F0 A0 A1 0E 00 A0 15 05 08 80 A1 0E
00 B0 40 F0 00 00 CD 20 00 24 4D 21 40 24 CD 21
80 24 4D 22 C0 24 CD 22 00 25 4D 23 40 25 CD 23
80 25 4D 24 C0 25 CD 24 00 26 4D 25 40 26 CD 25
80 26 4D 26 C0 26 CD 26 00 27 4D 27 40 27 44 10
00 00 19 00 00 30 90 82 02 00 23 00 00 00 20 80
01 00 20 01 22 02 A0 41 04 00 20 02 00 00 A0 82
11 00 20 C3 03 00 A0 E3 21 00 20 24 00 00 A1 0E
80 86 73 00 00 00 05 45 36 05 85 45 B6 05 93 85
05 02 37 09 20 00 13 09 C9 03 05 46 36 06 05 06
B7 09 20 00 93 89 C9 0B 5B 10 A0 00 5B 10 B0 00
5B 10 20 41 5B 10 C0 00 5B 10 30 41 5B 00 00 00
10 82 02 00 15 05 08 80 15 04 F0 90 A1 0E 02 90
15 05 08 80 A1 0E 00 80 73 00 00 00 05 45 36 05
09 05 85 45 B6 05 93 85 05 42 05 46 36 06 0D 06
5B 10 A0 00 5B 10 B0 00 5B 10 20 41 5B 10 C0 00
5B 10 30 41 5B 00 00 00 15 05 08 80 15 04 F0 A0
A1 0E 00 A0 15 05 08 80 A1 0E 00 80 73 00 00 00
05 45 36 05 11 05 85 45 B6 05 93 85 15 02 05 46
36 06 15 06 5B 10 A0 00 5B 10 B0 00 5B 10 20 41
5B 10 C0 00 5B 10 30 41 5B 00 00 00 15 05 08 80
15 04 F0 90 A1 0E 00 90 15 05 08 80 A1 0E 00 80
73 00 00 00 05 45 36 05 19 05 85 45 B6 05 93 85
15 42 05 46 36 06 1D 06 5B 10 A0 00 5B 10 B0 00
5B 10 20 41 5B 10 C0 00 5B 10 30 41 5B 00 00 00
15 05 08 80 15 04 F0 A0 A1 0E 00 A0 15 05 08 80
A1 0E 00 80 73 00 00 00 05 45 36 05 21 05 85 45
B6 05 93 85 25 02 05 46 36 06 25 06 5B 10 A0 00
5B 10 B0 00 5B 10 20 41 5B 10 C0 00 5B 10 30 41
5B 00 00 00 15 05 08 80 15 04 F0 90 A1 0E 00 90
15 05 08 80 A1 0E 00 80 73 00 00 00 05 45 36 05
29 05 85 45 B6 05 93 85 25 42 05 46 36 06 2D 06
5B 10 A0 00 5B 10 B0 00 5B 10 20 41 5B 10 C0 00
5B 10 30 41 5B 00 00 00 15 05 08 80 15 04 F0 A0
A1 0E 00 A0 15 05 08 80 A1 0E 00 80 73 00 00 00
05 45 36 05 31 05 85 45 B6 05 93 85 05 04 05 46
36 06 35 06 5B 10 A0 00 5B 10 B0 00 5B 10 20 41
5B 10 C0 00 5B 10 30 41 5B 00 00 00 15 05 08 80
15 04 F0 90 A1 0E 00 90 15 05 08 80 A1 0E 00 80
73 00 00 00 05 45 36 05 39 05 85 45 B6 05 93 85
05 44 05 46 36 06 3D 06 5B 10 A0 00 5B 10 B0 00
5B 10 20 41 5B 10 C0 00 5B 10 30 41 5B 00 00 00
15 05 08 80 15 04 F0 A0 A1 0E 00 A0 15 05 08 80
A1 0E 00 80 73 00 00 00 05 45 36 05 41 05 85 45
B6 05 93 85 15 04 05 46 36 06 45 06 5B 10 A0 00
5B 10 B0 00 5B 10 20 41 5B 10 C0 00 5B 10 30 41
5B 00 00 00 15 05 08 80 15 04 F0 90 A1 0E 00 90
15 05 08 80 A1 0E 00 80 73 00 00 00 05 45 36 05
49 05 85 45 B6 05 93 85 15 44 05 46 36 06 4D 06
5B 10 A0 00 5B 10 B0 00 5B 10 20 41 5B 10 C0 00
5B 10 30 41 5B 00 00 00 15 05 08 80 15 04 F0 A0
A1 0E 00 A0 15 05 08 80 A1 0E 00 80 73 00 00 00
05 45 36 05 51 05 85 45 B6 05 93 85 25 04 05 46
36 06 55 06 5B 10 A0 00 5B 10 B0 00 5B 10 20 41
5B 10 C0 00 5B 10 30 41 5B 00 00 00 15 05 08 80
15 04 F0 90 A1 0E 00 90 15 05 08 80 A1 0E 00 80
73 00 00 00 05 45 36 05 59 05 85 45 B6 05 93 85
25 44 05 46 36 06 5D 06 5B 10 A0 00 5B 10 B0 00
5B 10 20 41 5B 10 C0 00 5B 10 30 41 5B 00 00 00
15 05 08 80 15 04 F0 A0 A1 0E 00 A0 15 05 08 80
A1 0E 00 80 73 00 00 00 05 45 36 05 61 05 85 45
B6 05 93 85 05 06 05 46 36 06 65 06 5B 10 A0 00
5B 10 B0 00 5B 10 20 41 5B 10 C0 00 5B 10 30 41
5B 00 00 00 15 05 08 80 15 04 F0 90 A1 0E 00 90
15 05 08 80 A1 0E 00 80 73 00 00 00 05 45 36 05
69 05 85 45 B6 05 93 85 05 46 05 46 36 06 6D 06
5B 10 A0 00 5B 10 B0 00 5B 10 20 41 5B 10 C0 00
5B 10 30 41 5B 00 00 00 15 05 08 80 15 04 F0 A0
A1 0E 00 A0 15 05 08 80 A1 0E 00 80 73 00 00 00
05 45 36 05 71 05 85 45 B6 05 93 85 15 06 05 46
36 06 75 06 5B 10 A0 00 5B 10 B0 00 5B 10 20 41
5B 10 C0 00 5B 10 30 41 5B 00 00 00 15 05 08 80
15 04 F0 90 A1 0E 00 90 15 05 08 80 A1 0E 00 80
73 00 00 00 05 45 36 05 79 05 85 45 B6 05 93 85
15 46 05 46 36 06 7D 06 5B 10 A0 00 5B 10 B0 00
5B 10 20 41 5B 10 C0 00 5B 10 30 41 5B 00 00 00
15 05 08 80 15 04 F0 A0 A1 0E 00 A0 15 05 08 80
A1 0E 00 80 73 00 00 00 05 45 36 05 13 05 05 02
85 45 B6 05 93 85 25 06 05 46 36 06 13 06 16 02
5B 10 A0 00 5B 10 B0 00 5B 10 20 41 5B 10 C0 00
5B 10 30 41 5B 00 00 00 15 05 08 80 15 04 F0 90
A1 0E 00 90 15 05 08 80 A1 0E 00 80 73 00 00 00
05 45 36 05 13 05 25 02 85 45 B6 05 93 85 25 46
05 46 36 06 13 06 36 02 13 07 40 02 93 07 F0 00
5B 10 A0 00 5B 10 B0 00 5B 10 20 41 5B 10 C0 00
5B 10 30 41 5B 10 E0 40 5B 10 F0 40 5B 00 00 00
15 05 08 80 15 04 F0 A0 A1 0E 00 A0 15 05 08 80
A1 0E 00 80 21 00 00 08 21 00 00 08 21 00 00 08
A1 EE 81 06 20 A0 01 00 20 01 00 00 A0 01 06 00
A0 E3 21 00 20 24 00 00 20 45 E0 01 A0 E5 01 00
20 46 7E 00 23 80 02 04 23 00 0E 88 20 00 01 00
20 E5 21 00 A0 25 00 00 20 06 00 00 23 80 0E 88
73 00 00 00 73 00 50 10 13 00 00 00 13 00 00 00
13 00 00 00 13 00 00 00 13 00 00 00 13 00 00 00
