00 00 00 00 01 00 00 00 02 00 00 00 03 00 00 00
04 00 00 00 05 00 00 00 06 00 00 00 07 00 00 00
08 00 00 00 09 00 00 00 0A 00 00 00 0B 00 00 00
00 00 10 80 00 00 01 81 02 00 00 00 03 00 00 00
04 00 00 00 05 00 00 00 06 00 00 00 07 00 00 00
08 00 00 00 09 00 00 00 0A 00 00 00 0B 00 00 00
00 40 00 80 00 20 00 80 03 00 01 00
@00002000
13 01 01 F6 23 2E 11 08 23 2C 81 08 13 04 01 0A
13 05 00 00 23 2A A4 FE 5B 00 00 00 10 42 01 00
90 00 00 40 A2 2D 01 40 12 00 00 02 12 00 00 03
12 00 00 04 12 00 00 13 12 00 00 14 12 01 00 3F
73 00 00 00 B7 15 00 00 93 85 85 E0 23 28 B4 FE
93 05 50 00 93 95 95 00 23 26 B4 FE 23 24 A4 FE
6F 00 40 00 83 25 84 FE 13 05 10 00 63 42 B5 3A
6F 00 40 00 03 25 84 FE 93 15 25 00 13 05 C4 FE
33 05 B5 00 03 25 05 00 23 22 A4 FE 03 25 44 FE
13 15 F5 00 13 55 C5 01 23 20 A4 FE 03 25 44 FE
13 15 35 01 13 55 35 01 23 2E A4 FC 93 05 80 00
23 2C B4 FC 13 05 00 00 23 2A A4 FC 03 26 84 FD
13 16 D6 00 83 26 44 FD 33 06 D6 00 23 28 C4 FC
23 26 B4 FC 23 24 A4 FC 03 26 C4 FC 13 16 D6 00
83 26 84 FC 33 06 D6 00 23 22 C4 FC 03 26 04 FE
83 26 C4 FD 03 27 04 FD 83 27 44 FC 5B 10 C0 00
5B 10 D0 00 5B 10 E0 00 5B 10 F0 00 5B 00 00 00
12 00 00 85 12 00 00 86 12 01 00 0B 12 07 00 0F
12 00 00 10 12 07 00 11 12 01 00 15 91 04 08 80
17 00 00 08 15 04 08 80 73 00 00 00 5B 00 00 00
20 00 03 00 A0 00 00 00 20 01 22 00 A0 01 10 00
A0 23 20 00 20 24 00 00 A0 47 09 00 73 00 00 00
23 20 B4 FC 23 2E A4 FA 6F 00 40 00 03 25 C4 FB
83 25 04 FC 63 54 B5 28 6F 00 40 00 03 25 C4 FB
13 15 85 00 83 25 84 FE 37 16 00 00 13 06 86 A0
B3 85 C5 02 33 05 B5 00 23 2C A4 FA 03 25 C4 FB
13 15 65 00 83 25 84 FE B3 85 C5 02 33 05 B5 00
13 05 F5 7F 13 05 15 00 23 2A A4 FA 13 06 00 01
23 28 C4 FA 93 05 40 00 23 26 B4 FA 13 05 00 00
23 24 A4 FA 23 22 C4 FA 03 26 04 FB 13 16 D6 00
83 26 84 FA 33 06 D6 00 23 20 C4 FA 03 26 C4 FA
13 16 D6 00 83 26 44 FA 33 06 D6 00 23 2E C4 F8
03 26 84 FB 83 26 04 FA 03 27 44 FB 83 27 C4 F9
5B 10 C0 00 5B 10 D0 00 5B 10 E0 00 5B 10 F0 00
5B 00 00 00 12 00 00 86 12 01 00 0B 12 FF 00 0F
12 00 00 10 12 FF 00 11 12 01 00 15 91 C5 83 80
17 00 00 08 12 00 00 86 12 3F 00 0F 12 3F 00 11
91 F5 83 80 17 00 00 08 40 00 22 00 CD 20 00 10
4D 21 40 10 CD 21 80 10 4D 22 C0 10 CD 22 00 11
4D 23 40 11 CD 23 80 11 4D 24 C0 11 CD 24 00 12
4D 25 40 12 CD 25 80 12 4D 26 C0 12 CD 26 00 13
4D 27 40 13 CD 27 80 13 4D 28 C0 13 44 10 00 00
19 00 00 30 23 00 00 30 20 00 00 00 21 00 00 48
19 00 00 40 73 00 00 00 23 2C B4 F8 83 25 84 F9
23 2A B4 F8 83 25 84 F9 23 28 B4 F8 93 05 10 00
23 26 B4 F8 23 24 A4 F8 6F 00 40 00 83 25 84 F8
13 05 30 00 63 4C B5 0C 6F 00 40 00 03 25 84 F9
83 25 84 F8 33 05 B5 02 23 22 A4 F8 03 25 84 F9
13 15 D5 00 83 25 44 F8 33 05 B5 00 23 20 A4 F8
03 25 84 F8 93 55 F5 01 B3 05 B5 00 93 F5 E5 FF
33 05 B5 40 23 2E A4 F6 03 25 84 F8 93 55 F5 01
33 05 B5 00 13 55 15 40 83 25 44 F9 33 05 B5 02
23 2C A4 F6 03 25 04 F9 13 15 85 01 83 25 C4 F8
93 95 75 01 33 05 B5 00 83 25 C4 F7 93 95 65 01
33 05 B5 00 83 25 84 F7 93 95 75 00 33 05 B5 00
83 25 44 F9 93 95 15 00 33 05 B5 00 23 2A A4 F6
13 05 00 00 23 26 A4 F8 03 25 04 F8 83 25 44 F7
5B 10 A0 00 5B 10 B0 40 5B 00 00 00 15 05 08 80
21 00 00 80 73 00 00 00 6F 00 40 00 03 25 84 F8
13 05 15 00 23 24 A4 F8 6F F0 5F F2 03 25 C4 FB
83 25 84 FE 93 95 35 00 33 05 B5 00 23 28 A4 F6
03 25 04 F7 5B 10 A0 40 5B 00 00 00 21 04 00 08
21 10 00 86 73 00 00 00 6F 00 40 00 03 25 C4 FB
13 05 15 00 23 2E A4 FA 6F F0 5F D7 6F 00 40 00
03 25 84 FE 13 05 15 00 23 24 A4 FE 6F F0 9F C5
13 05 00 00 23 26 A4 F6 13 05 00 10 23 24 A4 F6
13 05 90 FF 23 22 A4 F6 03 25 84 F6 83 25 44 F6
03 26 C4 F6 5B 10 A0 40 5B 10 B0 40 5B 10 C0 40
5B 00 00 00 20 00 03 00 A0 40 00 00 20 01 88 00
A0 01 12 00 A0 02 10 00 A0 03 21 00 20 24 00 00
A0 47 09 00 23 00 04 84 20 05 84 00 A0 05 01 00
20 06 01 20 23 0A 1C 88 73 00 00 00 03 25 84 F6
5B 10 A0 40 5B 00 00 00 20 00 02 00 20 05 A1 00
A0 25 00 00 20 26 00 00 12 00 00 22 12 00 00 23
12 00 00 24 12 00 00 25 12 01 00 2A 12 07 00 2E
12 00 00 2F 12 07 00 30 13 00 00 00 23 05 1C 88
17 00 00 08 19 00 00 00 19 00 00 00 19 00 00 00
19 00 00 00 19 00 00 00 19 00 00 00 19 00 00 00
19 00 00 00 19 00 00 00 19 00 00 00 19 00 00 00
73 00 00 00 73 00 50 10
