00 90 00 80 01 00 00 80 02 00 00 80 03 00 00 80
04 00 00 80 05 00 00 80 06 00 00 80 07 00 00 80
08 00 00 80 09 00 00 80 0A 00 00 80 0B 00 00 80
00 90 01 80 01 00 00 80 02 00 00 80 03 00 00 80
04 00 00 80 05 00 00 80 06 00 00 80 07 00 00 80
08 00 00 80 09 00 00 80 0A 00 00 80 0B 00 00 80
00 40 00 80 00 20 00 00 03 00 01 00
@00002000
01 44 26 04 13 04 44 02 36 04 81 44 A6 04 93 84
44 00 B6 04 93 84 44 02 01 45 26 05 36 05 81 45
A6 05 93 85 15 00 B6 05 01 46 26 06 13 06 E6 01
36 06 37 09 80 20 13 09 C9 03 81 46 A6 06 93 86
16 00 B6 06 93 86 16 00 B7 09 40 20 93 89 C9 03
5B 10 80 00 5B 10 90 00 5B 10 A0 00 5B 10 B0 00
5B 10 C0 00 5B 10 20 41 5B 10 D0 00 5B 10 30 41
5B 00 00 00 22 20 01 40 10 82 02 00 90 00 00 40
12 00 00 02 12 00 00 03 12 00 00 04 12 00 00 06
12 01 00 0B 12 3F 02 0F 12 00 00 10 12 3F 02 11
12 00 00 13 12 00 00 14 12 01 00 15 12 01 00 1F
90 00 00 40 91 75 83 80 17 00 00 08 12 00 00 02
12 00 00 03 12 00 00 04 12 40 02 06 12 01 00 0B
12 3F 00 0F 12 00 00 10 12 3F 00 11 12 00 00 13
12 00 00 14 12 01 00 15 12 01 00 1F 91 F5 83 80
17 00 00 08 12 01 00 00 12 00 00 01 12 00 00 02
12 01 00 03 12 00 00 04 12 00 00 06 12 01 00 0B
12 FF 07 0F 12 00 00 10 12 FF 07 11 12 00 00 13
12 00 00 14 12 00 00 15 12 01 00 1F 91 04 40 80
17 00 00 08 15 05 08 80 15 04 08 90 A1 0E 00 90
15 05 08 80 A1 0E 00 80 73 00 00 00 01 44 26 04
13 04 14 00 36 04 13 04 24 00 81 44 A6 04 93 84
E4 01 B6 04 93 84 04 40 37 09 00 20 13 09 C9 03
01 45 26 05 13 05 15 00 36 05 13 05 35 00 B7 09
40 20 93 89 C9 03 5B 10 80 00 5B 10 90 00 5B 10
20 41 5B 10 A0 00 5B 10 30 41 5B 00 00 00 15 05
08 80 15 04 08 A0 A1 0E 00 A0 15 05 08 80 A1 0E
00 80 73 00 00 00 01 44 26 04 13 04 14 00 36 04
13 04 44 00 81 44 A6 04 93 84 E4 01 B6 04 93 84
14 00 37 09 00 20 13 09 C9 03 01 45 26 05 13 05
15 00 36 05 13 05 55 00 B7 09 40 20 93 89 C9 03
5B 10 80 00 5B 10 90 00 5B 10 20 41 5B 10 A0 00
5B 10 30 41 5B 00 00 00 15 05 08 80 15 04 08 90
A1 0E 00 90 15 05 08 80 A1 0E 00 80 73 00 00 00
01 44 26 04 13 04 14 00 36 04 13 04 64 00 81 44
A6 04 93 84 E4 01 B6 04 93 84 14 40 37 09 00 20
13 09 C9 03 01 45 26 05 13 05 15 00 36 05 13 05
75 00 B7 09 40 20 93 89 C9 03 5B 10 80 00 5B 10
90 00 5B 10 20 41 5B 10 A0 00 5B 10 30 41 5B 00
00 00 15 05 08 80 15 04 08 A0 A1 0E 00 A0 15 05
08 80 A1 0E 00 80 73 00 00 00 01 44 26 04 13 04
14 00 36 04 13 04 84 00 81 44 A6 04 93 84 E4 01
B6 04 93 84 24 00 37 09 00 20 13 09 C9 03 01 45
26 05 13 05 15 00 36 05 13 05 95 00 B7 09 40 20
93 89 C9 03 5B 10 80 00 5B 10 90 00 5B 10 20 41
5B 10 A0 00 5B 10 30 41 5B 00 00 00 15 05 08 80
15 04 08 90 A1 0E 00 90 15 05 08 80 A1 0E 00 80
73 00 00 00 01 44 26 04 13 04 14 00 36 04 13 04
A4 00 81 44 A6 04 93 84 E4 01 B6 04 93 84 24 40
37 09 00 20 13 09 C9 03 01 45 26 05 13 05 15 00
36 05 13 05 B5 00 B7 09 40 20 93 89 C9 03 5B 10
80 00 5B 10 90 00 5B 10 20 41 5B 10 A0 00 5B 10
30 41 5B 00 00 00 15 05 08 80 15 04 08 A0 A1 0E
00 A0 15 05 08 80 A1 0E 00 80 73 00 00 00 01 44
26 04 13 04 14 00 36 04 13 04 C4 00 81 44 A6 04
93 84 E4 01 B6 04 93 84 04 02 37 09 00 20 13 09
C9 03 01 45 26 05 13 05 15 00 36 05 13 05 D5 00
B7 09 40 20 93 89 C9 03 5B 10 80 00 5B 10 90 00
5B 10 20 41 5B 10 A0 00 5B 10 30 41 5B 00 00 00
15 05 08 80 15 04 08 90 A1 0E 00 90 15 05 08 80
A1 0E 00 80 73 00 00 00 01 44 26 04 13 04 14 00
36 04 13 04 E4 00 81 44 A6 04 93 84 E4 01 B6 04
93 84 04 42 37 09 00 20 13 09 C9 03 01 45 26 05
13 05 15 00 36 05 13 05 F5 00 B7 09 40 20 93 89
C9 03 5B 10 80 00 5B 10 90 00 5B 10 20 41 5B 10
A0 00 5B 10 30 41 5B 00 00 00 15 05 08 80 15 04
08 A0 A1 0E 00 A0 15 05 08 80 A1 0E 00 80 73 00
00 00 01 44 26 04 13 04 14 00 36 04 13 04 04 01
81 44 A6 04 93 84 E4 01 B6 04 93 84 14 02 37 09
00 20 13 09 C9 03 01 45 26 05 13 05 15 00 36 05
13 05 15 01 B7 09 40 20 93 89 C9 03 5B 10 80 00
5B 10 90 00 5B 10 20 41 5B 10 A0 00 5B 10 30 41
5B 00 00 00 15 05 08 80 15 04 08 90 A1 0E 00 90
15 05 08 80 A1 0E 00 80 73 00 00 00 01 44 26 04
13 04 14 00 36 04 13 04 24 01 81 44 A6 04 93 84
E4 01 B6 04 93 84 14 42 37 09 00 20 13 09 C9 03
01 45 26 05 13 05 15 00 36 05 13 05 35 01 B7 09
40 20 93 89 C9 03 5B 10 80 00 5B 10 90 00 5B 10
20 41 5B 10 A0 00 5B 10 30 41 5B 00 00 00 15 05
08 80 15 04 08 A0 A1 0E 00 A0 15 05 08 80 A1 0E
00 80 73 00 00 00 01 44 26 04 13 04 14 00 36 04
13 04 44 01 81 44 A6 04 93 84 E4 01 B6 04 93 84
24 02 37 09 00 20 13 09 C9 03 01 45 26 05 13 05
15 00 36 05 13 05 55 01 B7 09 40 20 93 89 C9 03
5B 10 80 00 5B 10 90 00 5B 10 20 41 5B 10 A0 00
5B 10 30 41 5B 00 00 00 15 05 08 80 15 04 08 90
A1 0E 00 90 15 05 08 80 A1 0E 00 80 73 00 00 00
01 44 26 04 13 04 14 00 36 04 13 04 64 01 81 44
A6 04 93 84 E4 01 B6 04 93 84 24 42 37 09 00 20
13 09 C9 03 01 45 26 05 13 05 15 00 36 05 13 05
75 01 B7 09 40 20 93 89 C9 03 5B 10 80 00 5B 10
90 00 5B 10 20 41 5B 10 A0 00 5B 10 30 41 5B 00
00 00 15 05 08 80 15 04 08 A0 A1 0E 00 A0 15 05
08 80 A1 0E 00 80 73 00 00 00 01 44 26 04 13 04
14 00 36 04 13 04 84 01 81 44 A6 04 93 84 E4 01
B6 04 93 84 04 04 37 09 00 20 13 09 C9 03 01 45
26 05 13 05 15 00 36 05 13 05 95 01 B7 09 40 20
93 89 C9 03 5B 10 80 00 5B 10 90 00 5B 10 20 41
5B 10 A0 00 5B 10 30 41 5B 00 00 00 15 05 08 80
15 04 08 90 A1 0E 00 90 15 05 08 80 A1 0E 00 80
73 00 00 00 01 44 26 04 13 04 14 00 36 04 13 04
A4 01 81 44 A6 04 93 84 E4 01 B6 04 93 84 04 44
37 09 00 20 13 09 C9 03 01 45 26 05 13 05 15 00
36 05 13 05 B5 01 B7 09 40 20 93 89 C9 03 5B 10
80 00 5B 10 90 00 5B 10 20 41 5B 10 A0 00 5B 10
30 41 5B 00 00 00 15 05 08 80 15 04 08 A0 A1 0E
00 A0 15 05 08 80 A1 0E 00 80 73 00 00 00 01 44
26 04 13 04 14 00 36 04 13 04 C4 01 81 44 A6 04
93 84 E4 01 B6 04 93 84 14 04 37 09 00 20 13 09
C9 03 01 45 26 05 13 05 15 00 36 05 13 05 D5 01
B7 09 40 20 93 89 C9 03 5B 10 80 00 5B 10 90 00
5B 10 20 41 5B 10 A0 00 5B 10 30 41 5B 00 00 00
15 05 08 80 15 04 08 90 A1 0E 00 90 15 05 08 80
A1 0E 00 80 73 00 00 00 01 44 26 04 13 04 14 00
36 04 13 04 E4 01 81 44 A6 04 93 84 E4 01 B6 04
93 84 14 44 37 09 00 20 13 09 C9 03 01 45 26 05
13 05 15 00 36 05 13 05 F5 01 B7 09 40 20 93 89
C9 03 5B 10 80 00 5B 10 90 00 5B 10 20 41 5B 10
A0 00 5B 10 30 41 5B 00 00 00 15 05 08 80 15 04
08 A0 A1 0E 00 A0 15 05 08 80 A1 0E 00 80 73 00
00 00 01 44 26 04 13 04 14 00 36 04 13 04 04 02
81 44 A6 04 93 84 E4 01 B6 04 93 84 24 04 37 09
00 20 13 09 C9 03 01 45 26 05 13 05 15 00 36 05
13 05 15 02 B7 09 40 20 93 89 C9 03 5B 10 80 00
5B 10 90 00 5B 10 20 41 5B 10 A0 00 5B 10 30 41
5B 00 00 00 15 05 08 80 15 04 08 90 A1 0E 00 90
15 05 08 80 A1 0E 00 80 73 00 00 00 01 44 26 04
13 04 14 00 36 04 13 04 24 02 81 44 A6 04 93 84
E4 01 B6 04 93 84 24 44 37 09 00 20 13 09 C9 03
01 45 26 05 13 05 15 00 36 05 13 05 35 02 B7 09
40 20 93 89 C9 03 5B 10 80 00 5B 10 90 00 5B 10
20 41 5B 10 A0 00 5B 10 30 41 13 09 00 00 5B 10
20 41 5B 00 00 00 15 05 08 80 15 04 08 A0 A1 0E
00 A0 15 05 08 80 A1 0E 00 80 40 C0 03 00 CD 20
00 24 4D 21 40 24 CD 21 80 24 4D 22 C0 24 CD 22
00 25 4D 23 40 25 CD 23 80 25 4D 24 C0 25 CD 24
00 26 4D 25 40 26 CD 25 80 26 4D 26 C0 26 CD 26
00 27 4D 27 40 27 44 10 00 00 23 00 00 00 20 00
03 00 21 00 00 38 19 00 00 30 20 01 22 02 A0 41
04 00 20 02 00 00 A0 02 11 00 20 83 07 00 A0 E3
21 00 20 24 00 00 A1 5E 82 86 73 00 00 00 01 44
26 04 13 04 14 00 36 04 81 44 A6 04 93 84 E4 01
B6 04 93 84 04 02 37 09 80 20 13 09 C9 03 01 45
26 05 13 05 15 00 36 05 13 05 15 00 B7 09 40 20
93 89 C9 03 5B 10 80 00 5B 10 90 00 5B 10 20 41
5B 10 A0 00 5B 10 30 41 5B 00 00 00 15 05 08 80
15 04 08 90 A1 0E 00 90 15 05 08 80 A1 0E 00 80
73 00 00 00 01 44 26 04 13 04 14 00 36 04 13 04
24 00 81 44 A6 04 93 84 E4 01 B6 04 93 84 04 42
37 09 00 20 13 09 C9 03 01 45 26 05 13 05 15 00
36 05 13 05 35 00 B7 09 40 20 93 89 C9 03 5B 10
80 00 5B 10 90 00 5B 10 20 41 5B 10 A0 00 5B 10
30 41 5B 00 00 00 15 05 08 80 15 04 08 A0 A1 0E
00 A0 15 05 08 80 A1 0E 00 80 73 00 00 00 01 44
26 04 13 04 14 00 36 04 13 04 44 00 81 44 A6 04
93 84 E4 01 B6 04 93 84 14 02 37 09 00 20 13 09
C9 03 01 45 26 05 13 05 15 00 36 05 13 05 55 00
B7 09 40 20 93 89 C9 03 5B 10 80 00 5B 10 90 00
5B 10 20 41 5B 10 A0 00 5B 10 30 41 5B 00 00 00
15 05 08 80 15 04 08 90 A1 0E 00 90 15 05 08 80
A1 0E 00 80 73 00 00 00 01 44 26 04 13 04 14 00
36 04 13 04 64 00 81 44 A6 04 93 84 E4 01 B6 04
93 84 14 42 37 09 00 20 13 09 C9 03 01 45 26 05
13 05 15 00 36 05 13 05 75 00 B7 09 40 20 93 89
C9 03 5B 10 80 00 5B 10 90 00 5B 10 20 41 5B 10
A0 00 5B 10 30 41 5B 00 00 00 15 05 08 80 15 04
08 A0 A1 0E 00 A0 15 05 08 80 A1 0E 00 80 73 00
00 00 01 44 26 04 13 04 14 00 36 04 13 04 84 00
81 44 A6 04 93 84 E4 01 B6 04 93 84 24 02 37 09
00 20 13 09 C9 03 01 45 26 05 13 05 15 00 36 05
13 05 95 00 B7 09 40 20 93 89 C9 03 5B 10 80 00
5B 10 90 00 5B 10 20 41 5B 10 A0 00 5B 10 30 41
5B 00 00 00 15 05 08 80 15 04 08 90 A1 0E 00 90
15 05 08 80 A1 0E 00 80 73 00 00 00 01 44 26 04
13 04 14 00 36 04 13 04 A4 00 81 44 A6 04 93 84
E4 01 B6 04 93 84 24 42 37 09 00 20 13 09 C9 03
01 45 26 05 13 05 15 00 36 05 13 05 B5 00 B7 09
40 20 93 89 C9 03 5B 10 80 00 5B 10 90 00 5B 10
20 41 5B 10 A0 00 5B 10 30 41 5B 00 00 00 15 05
08 80 15 04 08 A0 A1 0E 00 A0 15 05 08 80 A1 0E
00 80 73 00 00 00 01 44 26 04 13 04 14 00 36 04
13 04 C4 00 81 44 A6 04 93 84 E4 01 B6 04 93 84
04 04 37 09 00 20 13 09 C9 03 01 45 26 05 13 05
15 00 36 05 13 05 D5 00 B7 09 40 20 93 89 C9 03
5B 10 80 00 5B 10 90 00 5B 10 20 41 5B 10 A0 00
5B 10 30 41 5B 00 00 00 15 05 08 80 15 04 08 90
A1 0E 00 90 15 05 08 80 A1 0E 00 80 73 00 00 00
01 44 26 04 13 04 14 00 36 04 13 04 E4 00 81 44
A6 04 93 84 E4 01 B6 04 93 84 04 44 37 09 00 20
13 09 C9 03 01 45 26 05 13 05 15 00 36 05 13 05
F5 00 B7 09 40 20 93 89 C9 03 5B 10 80 00 5B 10
90 00 5B 10 20 41 5B 10 A0 00 5B 10 30 41 5B 00
00 00 15 05 08 80 15 04 08 A0 A1 0E 00 A0 15 05
08 80 A1 0E 00 80 73 00 00 00 01 44 26 04 13 04
14 00 36 04 13 04 04 01 81 44 A6 04 93 84 E4 01
B6 04 93 84 14 04 37 09 00 20 13 09 C9 03 01 45
26 05 13 05 15 00 36 05 13 05 15 01 B7 09 40 20
93 89 C9 03 5B 10 80 00 5B 10 90 00 5B 10 20 41
5B 10 A0 00 5B 10 30 41 5B 00 00 00 15 05 08 80
15 04 08 90 A1 0E 00 90 15 05 08 80 A1 0E 00 80
73 00 00 00 01 44 26 04 13 04 14 00 36 04 13 04
24 01 81 44 A6 04 93 84 E4 01 B6 04 93 84 14 44
37 09 00 20 13 09 C9 03 01 45 26 05 13 05 15 00
36 05 13 05 35 01 B7 09 40 20 93 89 C9 03 5B 10
80 00 5B 10 90 00 5B 10 20 41 5B 10 A0 00 5B 10
30 41 5B 00 00 00 15 05 08 80 15 04 08 A0 A1 0E
00 A0 15 05 08 80 A1 0E 00 80 73 00 00 00 01 44
26 04 13 04 14 00 36 04 13 04 44 01 81 44 A6 04
93 84 E4 01 B6 04 93 84 24 04 37 09 00 20 13 09
C9 03 01 45 26 05 13 05 15 00 36 05 13 05 55 01
B7 09 40 20 93 89 C9 03 5B 10 80 00 5B 10 90 00
5B 10 20 41 5B 10 A0 00 5B 10 30 41 5B 00 00 00
15 05 08 80 15 04 08 90 A1 0E 00 90 15 05 08 80
A1 0E 00 80 73 00 00 00 01 44 26 04 13 04 14 00
36 04 13 04 64 01 81 44 A6 04 93 84 E4 01 B6 04
93 84 24 44 37 09 00 20 13 09 C9 03 01 45 26 05
13 05 15 00 36 05 13 05 75 01 B7 09 40 20 93 89
C9 03 5B 10 80 00 5B 10 90 00 5B 10 20 41 5B 10
A0 00 5B 10 30 41 5B 00 00 00 15 05 08 80 15 04
08 A0 A1 0E 00 A0 15 05 08 80 A1 0E 00 80 73 00
00 00 01 44 26 04 13 04 14 00 36 04 13 04 84 01
81 44 A6 04 93 84 E4 01 B6 04 93 84 04 06 37 09
00 20 13 09 C9 03 01 45 26 05 13 05 15 00 36 05
13 05 95 01 B7 09 40 20 93 89 C9 03 5B 10 80 00
5B 10 90 00 5B 10 20 41 5B 10 A0 00 5B 10 30 41
5B 00 00 00 15 05 08 80 15 04 08 90 A1 0E 00 90
15 05 08 80 A1 0E 00 80 73 00 00 00 01 44 26 04
13 04 14 00 36 04 13 04 A4 01 81 44 A6 04 93 84
E4 01 B6 04 93 84 04 46 37 09 00 20 13 09 C9 03
01 45 26 05 13 05 15 00 36 05 13 05 B5 01 B7 09
40 20 93 89 C9 03 5B 10 80 00 5B 10 90 00 5B 10
20 41 5B 10 A0 00 5B 10 30 41 5B 00 00 00 15 05
08 80 15 04 08 A0 A1 0E 00 A0 15 05 08 80 A1 0E
00 80 73 00 00 00 01 44 26 04 13 04 14 00 36 04
13 04 C4 01 81 44 A6 04 93 84 E4 01 B6 04 93 84
14 06 37 09 00 20 13 09 C9 03 01 45 26 05 13 05
15 00 36 05 13 05 D5 01 B7 09 40 20 93 89 C9 03
5B 10 80 00 5B 10 90 00 5B 10 20 41 5B 10 A0 00
5B 10 30 41 5B 00 00 00 15 05 08 80 15 04 08 90
A1 0E 00 90 15 05 08 80 A1 0E 00 80 73 00 00 00
01 44 26 04 13 04 14 00 36 04 13 04 E4 01 81 44
A6 04 93 84 E4 01 B6 04 93 84 14 46 37 09 00 20
13 09 C9 03 01 45 26 05 13 05 15 00 36 05 13 05
F5 01 B7 09 40 20 93 89 C9 03 5B 10 80 00 5B 10
90 00 5B 10 20 41 5B 10 A0 00 5B 10 30 41 5B 00
00 00 15 05 08 80 15 04 08 A0 A1 0E 00 A0 15 05
08 80 A1 0E 00 80 73 00 00 00 01 44 26 04 13 04
14 00 36 04 13 04 04 02 81 44 A6 04 93 84 E4 01
B6 04 93 84 24 06 37 09 00 20 13 09 C9 03 01 45
26 05 13 05 15 00 36 05 13 05 15 02 B7 09 40 20
93 89 C9 03 5B 10 80 00 5B 10 90 00 5B 10 20 41
5B 10 A0 00 5B 10 30 41 5B 00 00 00 15 05 08 80
15 04 08 90 A1 0E 00 90 15 05 08 80 A1 0E 00 80
73 00 00 00 01 44 26 04 13 04 14 00 36 04 13 04
24 02 81 44 A6 04 93 84 E4 01 B6 04 93 84 24 46
37 09 00 20 13 09 C9 03 01 45 26 05 13 05 15 00
36 05 13 05 35 02 B7 09 40 20 93 89 C9 03 5B 10
80 00 5B 10 90 00 5B 10 20 41 5B 10 A0 00 5B 10
30 41 13 09 F0 00 93 09 00 10 13 0A 00 00 93 0A
00 10 5B 10 20 41 5B 10 30 41 5B 10 40 41 5B 10
50 41 5B 00 00 00 15 05 08 80 15 04 08 A0 A1 0E
00 A0 15 05 08 80 A1 0E 00 80 73 00 00 00 01 44
26 04 13 04 14 00 36 04 13 04 34 02 37 09 40 20
13 09 C9 03 93 09 F0 00 5B 10 80 00 5B 10 20 41
5B 10 30 41 5B 00 00 00 15 05 08 80 A1 0E 00 80
21 04 00 08 A1 5E 82 86 73 00 00 00 13 09 00 10
93 09 00 00 5B 10 20 41 5B 10 30 41 5B 00 00 00
20 20 03 00 20 01 00 00 A0 01 06 00 A0 E3 21 00
20 24 00 00 20 45 E0 01 A0 E5 01 00 20 46 7E 00
23 12 02 84 23 12 0E 88 73 00 00 00 13 09 00 10
5B 10 20 41 5B 00 00 00 20 00 02 00 20 E5 21 00
A0 25 00 00 20 06 00 00 12 00 00 22 12 00 00 23
12 00 00 25 12 01 00 2A 12 0E 00 2E 12 00 00 2F
12 0E 00 30 13 00 00 00 A3 07 0E 88 17 00 00 08
19 00 00 00 19 00 00 00 19 00 00 00 19 00 00 00
19 00 00 00 19 00 00 00 19 00 00 00 19 00 00 00
19 00 00 00 73 00 00 00 73 00 50 10
