00 40 00 80 00 40 00 80 00 40 00 80 00 40 00 80
00 40 00 80 00 40 00 80 00 40 00 80 00 40 00 80
00 40 00 80 00 40 00 80 00 40 00 80 00 40 00 80
00 F0 00 80 00 F0 00 80 00 F0 00 80 00 F0 00 80
00 F0 00 80 00 F0 00 80 00 F0 00 80 00 F0 00 80
00 F0 00 80 00 F0 00 80 00 F0 00 80 00 F0 00 80
00 40 00 80 00 20 00 80 02 00 01 00
@00002000
5B 00 00 00 12 00 00 C0 12 00 00 C2 12 00 00 C4
12 00 00 C6 12 00 00 C8 12 00 00 CA 12 00 00 CC
12 00 00 CE 12 00 00 D0 12 00 00 D2 12 00 00 D4
12 00 00 D6 92 00 00 D8 12 00 00 DA 12 00 00 DC
12 00 00 DE 92 13 00 E0 12 00 00 E2 92 8F 01 E4
12 00 00 E6 12 00 00 E8 12 00 00 EA 12 00 00 EC
92 13 00 EE 92 A0 00 F0 12 05 00 F2 12 28 00 F4
17 00 00 06 17 00 00 08 19 01 00 00 19 01 00 00
19 01 00 00 19 01 00 00 19 01 00 00 19 01 00 00
19 01 00 00 12 00 00 C0 12 00 00 C2 12 00 00 C4
12 00 00 C6 12 00 00 C8 92 8F 01 CA 12 00 00 CC
12 14 00 CE 12 00 00 D0 12 00 00 D2 12 00 00 D4
12 00 00 D6 92 00 00 D8 12 00 00 DA 12 00 00 DC
12 00 00 DE 92 13 00 E0 12 00 00 E2 92 8F 01 E4
12 00 00 E6 12 00 00 E8 12 00 00 EA 12 00 00 EC
92 13 00 EE 92 A0 00 F0 12 05 00 F2 12 28 00 F4
17 00 00 06 17 00 00 08 19 01 00 00 19 01 00 00
19 01 00 00 19 01 00 00 19 01 00 00 19 01 00 00
19 01 00 00 73 00 00 00 73 00 50 10
