00 00 00 80 00 00 00 80 00 00 00 80 00 00 00 80
00 00 00 80 00 00 00 80 00 00 00 80 00 00 00 80
00 00 00 80 00 00 00 80 00 00 00 80 00 00 00 80
00 00 00 80 00 00 00 80 00 00 00 80 00 00 00 80
00 00 00 80 00 00 00 80 00 00 00 80 00 00 00 80
00 00 00 80 00 00 00 80 00 00 00 80 00 00 00 80
00 00 00 80 00 20 00 00 03 00 21 00
@00002000
5B 00 00 00 12 00 00 60 12 00 00 61 12 01 00 62
12 00 00 63 12 00 00 64 12 00 00 65 12 00 00 66
12 00 02 67 12 00 00 68 12 00 00 69 12 00 00 6A
12 00 00 6B 12 01 00 6C 12 00 00 6D 12 00 00 6E
12 00 00 6F 12 11 00 70 12 00 00 71 12 11 00 72
12 00 00 73 12 50 00 74 12 21 00 75 12 00 00 76
17 00 00 06 17 00 00 08
