00 40 00 80 00 40 00 80 00 40 00 80 00 40 00 80
00 40 00 80 00 40 00 80 00 40 00 80 00 40 00 80
00 40 00 80 00 40 00 80 00 40 00 80 00 40 00 80
00 F0 00 80 00 F0 00 80 00 F0 00 80 00 F0 00 80
00 F0 00 80 00 F0 00 80 00 F0 00 80 00 F0 00 80
00 F0 00 80 00 F0 00 80 00 F0 00 80 00 F0 00 80
00 40 00 80 00 20 00 00 02 00 01 00
@00002000
5B 00 00 00 12 00 00 00 12 00 00 01 12 00 00 02
12 00 00 03 12 00 00 04 12 00 00 05 12 00 00 06
12 50 00 07 12 00 00 08 12 00 00 09 12 00 00 0A
12 01 00 0B 12 00 00 0C 12 00 00 0D 12 00 00 0E
12 27 00 0F 12 00 00 10 12 1F 03 11 12 00 00 12
12 00 00 13 12 00 00 14 12 00 00 15 12 27 00 1D
12 41 01 1E 12 0A 00 1F 90 00 00 40 91 75 83 00
17 00 00 08 19 01 00 00 19 01 00 00 19 01 00 00
19 01 00 00 19 01 00 00 19 01 00 00 19 01 00 00
12 00 00 00 12 00 00 01 12 00 00 02 12 00 00 03
12 00 00 04 12 00 00 05 12 28 00 06 12 78 00 07
12 00 00 08 12 00 00 09 12 00 00 0A 12 01 00 0B
12 00 00 0C 12 00 00 0D 12 00 00 0E 12 27 00 0F
12 00 00 10 12 1F 03 11 12 00 00 12 12 00 00 13
12 00 00 14 12 00 00 15 12 27 00 1D 12 41 01 1E
12 0A 00 1F 17 00 00 08 19 01 00 00 19 01 00 00
19 01 00 00 19 01 00 00 19 01 00 00 19 01 00 00
19 01 00 00 73 00 00 00 73 00 50 10
