00 00 00 80 00 00 00 80 00 00 00 80 00 00 00 80
00 00 00 80 00 00 00 80 00 00 00 80 00 00 00 80
00 00 00 80 00 00 00 80 00 00 00 80 00 00 00 80
00 00 00 80 00 00 00 80 00 00 00 80 00 00 00 80
00 00 00 80 00 00 00 80 00 00 00 80 00 00 00 80
00 00 00 80 00 00 00 80 00 00 00 80 00 00 00 80
00 00 00 80 00 20 00 80 03 00 FF 00
@00002000
5B 00 00 00 12 00 00 C0 12 00 00 C2 92 00 00 C4
12 00 00 C6 12 00 00 C8 12 00 00 CA 12 00 00 CC
12 00 01 CE 12 00 00 D0 12 00 00 D2 92 03 00 D4
92 01 00 D6 12 00 00 D8 12 00 00 DA 92 01 00 DC
92 00 00 DE 92 01 00 E0 12 00 00 E2 92 0F 00 E4
12 00 00 E6 92 6A 00 E8 12 00 00 EA 12 00 00 EC
17 00 00 06 17 00 00 08 19 00 00 00 19 00 00 00
19 00 00 00 19 00 00 00 19 00 00 00 19 00 00 00
73 00 00 00 73 00 50 10
