00 00 00 80 00 00 00 80 00 00 00 80 00 00 00 80
00 00 00 80 00 00 00 80 00 00 00 80 00 00 00 80
00 00 00 80 00 00 00 80 00 00 00 80 00 00 00 80
00 00 00 80 00 00 00 80 00 00 00 80 00 00 00 80
00 00 00 80 00 00 00 80 00 00 00 80 00 00 00 80
00 00 00 80 00 00 00 80 00 00 00 80 00 00 00 80
00 00 00 80 80 20 00 80 03 00 01 00
@00002000
5B 00 00 00 12 00 00 00 12 00 00 02 12 00 00 04
12 00 00 06 12 00 00 08 12 00 00 0A 12 00 01 0C
12 00 00 0E 12 00 00 10 12 00 00 12 12 00 00 14
92 00 00 16 12 00 00 18 12 00 00 1A 12 00 00 1C
92 1F 01 1E 12 00 00 20 92 1F 01 22 12 00 00 24
12 00 00 26 12 00 00 28 12 00 00 2A 12 00 00 3A
92 00 00 3C 12 20 02 0C 92 1F 00 1E 92 1F 00 22
12 40 02 0C 92 FF 03 1E 92 FF 03 22
