80008000
80008000
80008000
80008000
80008000
80008000
80008000
80008000
80008000
80008000
80008000
80008000
80008640
80008700
800087C0
80008880
80008940
80008A00
80008AC0
80008B80
80008C40
80008D00
80008DC0
80008E80
80015800
00002000
0FFF0002
80008000
80008000
80008000
80008000
80008000
80008000
80008000
80008000
80008000
80008000
80008000
80008000
80008640
80008700
800087C0
80008880
80008940
80008A00
80008AC0
80008B80
80008C40
80008D00
80008DC0
80008E80
80015800
0000211C
0FFF0002
80008000
80008000
80008000
80008000
80008000
80008000
80008000
80008000
80008000
80008000
80008000
80008000
80025800
80027000
80028800
8002B800
8002D000
8002E800
80030000
80031800
80033000
80034800
80036000
80037800
80015800
00004340
0FFF0003
