00000073
4401
0426
06c40413
0436
00040413
4481
04a6
00048493
04b6
00048493
0080105B
0090105B
0000005B
400128A2
0006C010
02000012
03000012
04000012
06000012
0B000112
0F06BF12
10000012
1106BF12
13000012
14000012
15000012
3F000112
40000090
80825591
08000017
62000012
63000012
64000012
65000012
67000012
68000012
6C000112
7007FF12
71000012
7207FF12
74000012
75000012
76000112
06000017
08000017
400128A2
0006C010
00000112
01000012
02000012
03000112
04000012
06000012
0B000112
0F07FF12
10000012
1107FF12
13000012
14000012
15000112
3F000112
80400491
08000017
00000019
00000019
00000019
00000019
00000019
00000019
00000019
00000019
00000019
00000073
10500073
