0000005B
00000073
60000012
61000012
62000012
63000012
64000012
65000012
66000012
67020012
68000012
69000012
6A000012
6B000012
6C000112
6D000012
6E000012
6F000012
70024012
71000012
72024012
73000012
74000012
75000012
76000012
06000017
70004012
72004012
70080012
72080012
00000012
01000012
02000012
03000112
04000012
05000012
06000012
07000012
08000012
09000012
0A000012
0B000112
0C000012
0D000012
0E000012
0F024012
10000012
11024012
12000012
13000012
14000012
15000012
16000212
17000212
18000412
19000412
1A000212
1B000312
1C000012
1D000012
1E000112
08000017
0F004012
11004012
0F080012
11080012
00000119
00000119
00000119
00000119
00000119
00000119
00000073
10500073
