80008000
80008000
80008000
80008000
80008000
80008000
80008000
80008000
80008000
80008000
80008000
80008000
80008640
80008700
800087C0
80008880
80008940
80008A00
80008AC0
80008B80
80008C40
80008D00
80008DC0
80008E80
8000F600
00002000
0FFF0002
80008000
80008000
80008000
80008000
80008000
80008000
80008000
80008000
80008000
80008000
80008000
80008000
80008640
80008700
800087C0
80008880
80008940
80008A00
80008AC0
80008B80
80008C40
80008D00
80008DC0
80008E80
8000F600
000020C2
0FFF0002
80008000
80008000
80008000
80008000
80008000
80008000
80008000
80008000
80008000
80008000
80008000
80008000
80013600
80014E00
80016600
80017E00
80019600
8001AE00
8001C600
8001DE00
8001F600
80020E00
80021600
80022E80
8000F600
00004330
0FFF0003
