0000005B
00000073
00000012
01000012
02000012
03000012
04000012
05000012
06000012
07005012
08000012
09000012
0A000012
0B000112
0C000012
0D000012
0E000012
0F002712
10000012
11031F12
12000012
13000012
14000012
15000012
1D002712
1E014112
1F000A12
40000090
00837591
08000017
00000119
00000119
00000119
00000119
00000119
00000119
00000119
00000012
01000012
02000012
03000012
04000012
05000012
06002812
07007812
08000012
09000012
0A000012
0B000112
0C000012
0D000012
0E000012
0F002712
10000012
11031F12
12000012
13000012
14000012
15000012
1D002712
1E014112
1F000A12
08000017
00000119
00000119
00000119
00000119
00000119
00000119
00000119
00000073
10500073
