0000005B
60000012
61000012
62000012
63000012
64000012
65000012
66000012
67020012
68000012
69000012
6A000012
6B000012
6C000112
6D000012
6E000012
6F000012
70001112
71000012
72001112
73000012
74000012
75000012
76000012
06000017
08000017
67021212
72000512
76000112
06000017
08000017
40000012
41000012
42000012
43000012
44000012
45000012
46020012
47000012
48000012
49000012
4A000012
4B000112
4C000012
4D000012
4E000012
4F001112
50000012
51001112
52000012
53000012
04000017
08000017
46021212
51000512
53000112
04000017
08000017
