00 00 00 00 00 00 00 00 00 00 00 00 00 00 00 00
00 00 00 00 00 00 00 00 00 00 00 00 00 00 00 00
00 00 00 00 00 00 00 00 00 00 00 00 00 00 00 00
00 00 00 00 00 00 00 00 00 00 00 00 00 00 00 00
00 00 00 00 00 00 00 00 00 00 00 00 00 00 00 00
00 00 00 00 00 00 00 00 00 00 00 00 00 00 00 00
00 00 00 00 00 00 00 83 00 00 00 70 00 00 00 00

86 00 00 97 84 00 00 17 82 00 00 17 80 00 00 17
8E 01 B5 17 8C 00 AD 97 8A 0A 00 17 88 04 00 17
96 00 00 97 94 00 00 17 92 00 00 17 90 00 00 17
9E 00 0C 17 9C 00 00 17 9A 00 00 17 98 00 00 17
A6 00 00 97 A4 00 01 17 A2 00 01 17 A0 00 03 17
46 00 00 97 44 00 00 17 42 00 00 17 40 00 00 17
4E 00 00 17 4C 0A 00 17 4A 04 00 17 48 00 07 97
56 00 00 17 54 00 00 97 52 00 00 17 50 00 00 17
5E 00 03 17 5C 00 0C 17 5A 00 00 17 58 00 00 17
00 00 00 00 64 00 00 97 62 00 01 17 60 00 01 17

